1477950437.99, 1170.0
1477950438.1, 1179.0
1477950438.24, 1189.0
1477950438.33, 1198.0
1477950438.45, 1208.0
1477950438.55, 1215.0
1477950438.67, 1222.0
1477950438.79, 1230.0
1477950438.91, 1238.0
1477950439.02, 1244.0
1477950439.13, 1252.0
1477950439.24, 1261.0
1477950439.36, 1273.0
1477950439.41, 1277.0
1477950439.46, 1280.0
1477950439.52, 1284.0
1477950439.57, 1287.0
1477950439.62, 1288.0
1477950439.67, 1291.0
1477950439.72, 1296.0
1477950439.77, 1299.0
1477950439.82, 1299.0
1477950439.87, 1300.0
1477950439.92, 1301.0
1477950439.97, 1302.0
1477950440.02, 1303.0
1477950440.07, 1305.0
1477950440.12, 1306.0
1477950440.17, 1309.0
1477950440.23, 1313.0
1477950440.28, 1314.0
1477950440.33, 1318.0
1477950440.38, 1321.0
1477950440.43, 1323.0
1477950440.48, 1326.0
1477950440.53, 1328.0
1477950440.58, 1329.0
1477950440.63, 1330.0
1477950440.68, 1333.0
1477950440.73, 1333.0
1477950440.78, 1334.0
1477950440.83, 1336.0
1477950440.88, 1339.0
1477950440.93, 1339.0
1477950440.98, 1341.0
1477950441.03, 1343.0
1477950441.08, 1344.0
1477950441.13, 1345.0
1477950441.18, 1346.0
1477950441.23, 1346.0
1477950441.29, 1348.0
1477950441.34, 1348.0
1477950441.39, 1348.0
1477950441.44, 1348.0
1477950441.5, 1348.0
1477950441.55, 1349.0
1477950441.6, 1349.0
1477950441.65, 1349.0
1477950441.7, 1349.0
1477950441.75, 1349.0
1477950441.8, 1349.0
1477950441.85, 1349.0
1477950441.9, 1349.0
1477950441.95, 1349.0
1477950442.0, 1349.0
1477950442.05, 1349.0
1477950442.1, 1349.0
1477950442.15, 1349.0
1477950442.2, 1349.0
1477950442.25, 1349.0
1477950442.3, 1349.0
1477950442.35, 1349.0
1477950442.41, 1349.0
1477950442.46, 1350.0
1477950442.51, 1350.0
1477950442.56, 1350.0
1477950442.61, 1351.0
1477950442.66, 1351.0
1477950442.71, 1351.0
1477950442.76, 1351.0
1477950442.81, 1351.0
1477950442.86, 1351.0
1477950442.91, 1351.0
1477950442.96, 1351.0
1477950443.02, 1351.0
1477950443.07, 1351.0
1477950443.12, 1351.0
1477950443.17, 1351.0
1477950443.22, 1351.0
1477950443.27, 1351.0
1477950443.33, 1351.0
1477950443.38, 1351.0
1477950443.43, 1351.0
1477950443.48, 1351.0
1477950443.53, 1351.0
1477950443.58, 1351.0
1477950443.63, 1351.0
1477950443.68, 1351.0
1477950443.73, 1351.0
1477950443.78, 1351.0
1477950443.83, 1351.0
1477950443.88, 1351.0
1477950443.93, 1351.0
1477950443.98, 1351.0
1477950444.03, 1351.0
1477950444.08, 1351.0
1477950444.13, 1351.0
1477950444.18, 1351.0
1477950444.23, 1351.0
1477950444.28, 1351.0
1477950444.33, 1351.0
1477950444.38, 1351.0
1477950444.44, 1351.0
1477950444.49, 1351.0
1477950444.54, 1351.0
1477950444.59, 1351.0
1477950444.64, 1351.0
1477950444.69, 1351.0
1477950444.74, 1351.0
1477950444.79, 1351.0
1477950444.84, 1351.0
1477950444.89, 1351.0
1477950444.94, 1351.0
1477950444.99, 1351.0
1477950445.04, 1351.0
1477950445.09, 1351.0
1477950445.14, 1351.0
1477950445.19, 1351.0
1477950445.24, 1351.0
1477950445.29, 1351.0
1477950445.34, 1351.0
1477950445.39, 1351.0
1477950445.44, 1351.0
1477950445.49, 1351.0
1477950445.54, 1351.0
1477950445.59, 1351.0
1477950445.64, 1351.0
1477950445.69, 1351.0
1477950445.74, 1351.0
1477950445.79, 1351.0
1477950445.84, 1351.0
1477950445.89, 1351.0
1477950445.94, 1351.0
1477950445.99, 1351.0
1477950446.04, 1351.0
1477950446.09, 1351.0
1477950446.14, 1351.0
1477950446.19, 1351.0
1477950446.24, 1351.0
1477950446.29, 1351.0
1477950446.34, 1351.0
1477950446.39, 1351.0
1477950446.44, 1351.0
1477950446.5, 1351.0
1477950446.55, 1351.0
1477950446.6, 1351.0
1477950446.65, 1351.0
1477950446.7, 1351.0
1477950446.75, 1351.0
1477950446.8, 1351.0
1477950446.85, 1351.0
1477950446.9, 1351.0
1477950446.95, 1351.0
1477950447.0, 1351.0
1477950447.05, 1351.0
1477950447.1, 1351.0
1477950447.15, 1351.0
1477950447.2, 1352.0
1477950447.25, 1352.0
1477950447.3, 1352.0
1477950447.35, 1352.0
1477950447.4, 1352.0
1477950447.45, 1352.0
1477950447.5, 1352.0
1477950447.55, 1352.0
1477950447.6, 1352.0
1477950447.65, 1352.0
1477950447.7, 1352.0
1477950447.75, 1352.0
1477950447.8, 1353.0
1477950447.85, 1353.0
1477950447.9, 1353.0
1477950447.95, 1353.0
1477950448.0, 1353.0
1477950448.05, 1353.0
1477950448.1, 1353.0
1477950448.16, 1353.0
1477950448.21, 1353.0
1477950448.26, 1353.0
1477950448.31, 1354.0
1477950448.36, 1354.0
1477950448.41, 1354.0
1477950448.46, 1354.0
1477950448.51, 1354.0
1477950448.56, 1354.0
1477950448.61, 1354.0
1477950448.66, 1354.0
1477950448.71, 1354.0
1477950448.76, 1354.0
1477950448.81, 1354.0
1477950448.86, 1354.0
1477950448.91, 1354.0
1477950448.96, 1354.0
1477950449.01, 1354.0
1477950449.06, 1354.0
1477950449.11, 1354.0
1477950449.16, 1354.0
1477950449.21, 1354.0
1477950449.26, 1355.0
1477950449.31, 1355.0
1477950449.36, 1355.0
1477950449.41, 1355.0
1477950449.47, 1355.0
1477950449.52, 1355.0
1477950449.57, 1355.0
1477950449.62, 1355.0
1477950449.67, 1355.0
1477950449.72, 1355.0
1477950449.77, 1355.0
1477950449.82, 1355.0
1477950449.87, 1356.0
1477950449.92, 1356.0
1477950449.97, 1356.0
1477950450.02, 1356.0
1477950450.07, 1356.0
1477950450.12, 1356.0
1477950450.17, 1356.0
1477950450.22, 1356.0
1477950450.27, 1356.0
1477950450.32, 1356.0
1477950450.37, 1356.0
1477950450.42, 1356.0
1477950450.47, 1356.0
1477950450.52, 1356.0
1477950450.57, 1356.0
1477950450.62, 1356.0
1477950450.68, 1356.0
1477950450.73, 1356.0
1477950450.78, 1356.0
1477950450.83, 1356.0
1477950450.88, 1356.0
1477950450.93, 1356.0
1477950450.98, 1356.0
1477950451.03, 1356.0
1477950451.08, 1356.0
1477950451.13, 1356.0
1477950451.18, 1356.0
1477950451.23, 1356.0
1477950451.28, 1356.0
1477950451.33, 1356.0
1477950451.38, 1356.0
1477950451.43, 1356.0
1477950451.48, 1356.0
1477950451.53, 1356.0
1477950451.58, 1356.0
1477950451.63, 1356.0
1477950451.68, 1356.0
1477950451.73, 1356.0
1477950451.78, 1356.0
1477950451.83, 1356.0
1477950451.88, 1356.0
1477950451.93, 1356.0
1477950451.98, 1356.0
1477950452.03, 1356.0
1477950452.08, 1356.0
1477950452.13, 1356.0
1477950452.18, 1356.0
1477950452.23, 1356.0
1477950452.28, 1356.0
1477950452.33, 1356.0
1477950452.38, 1356.0
1477950452.43, 1356.0
1477950452.49, 1356.0
1477950452.54, 1356.0
1477950452.59, 1356.0
1477950452.64, 1356.0
1477950452.69, 1356.0
1477950452.74, 1356.0
1477950452.79, 1356.0
1477950452.84, 1356.0
1477950452.89, 1356.0
1477950452.94, 1356.0
1477950452.99, 1356.0
1477950453.04, 1356.0
1477950453.09, 1357.0
1477950453.14, 1357.0
1477950453.19, 1357.0
1477950453.24, 1357.0
1477950453.29, 1357.0
1477950453.34, 1357.0
1477950453.39, 1357.0
1477950453.44, 1357.0
1477950453.49, 1357.0
1477950453.54, 1357.0
1477950453.59, 1357.0
1477950453.64, 1357.0
1477950453.69, 1357.0
1477950453.74, 1357.0
1477950453.79, 1357.0
1477950453.84, 1357.0
1477950453.89, 1357.0
1477950453.94, 1357.0
1477950453.99, 1357.0
1477950454.04, 1357.0
1477950454.09, 1357.0
1477950454.14, 1357.0
1477950454.2, 1357.0
1477950454.25, 1357.0
1477950454.3, 1358.0
1477950454.35, 1358.0
1477950454.4, 1358.0
1477950454.45, 1358.0
1477950454.5, 1358.0
1477950454.55, 1358.0
1477950454.6, 1358.0
1477950454.65, 1358.0
1477950454.7, 1358.0
1477950454.75, 1358.0
1477950454.8, 1358.0
1477950454.85, 1358.0
1477950454.9, 1358.0
1477950454.95, 1358.0
1477950455.0, 1358.0
1477950455.05, 1359.0
1477950455.1, 1359.0
1477950455.15, 1359.0
1477950455.2, 1359.0
1477950455.25, 1359.0
1477950455.3, 1359.0
1477950455.35, 1359.0
1477950455.4, 1359.0
1477950455.45, 1360.0
1477950455.5, 1361.0
1477950455.55, 1361.0
1477950455.6, 1361.0
1477950455.65, 1361.0
1477950455.7, 1361.0
1477950455.75, 1361.0
1477950455.8, 1361.0
1477950455.85, 1361.0
1477950455.91, 1361.0
1477950455.96, 1361.0
1477950456.01, 1362.0
1477950456.06, 1362.0
1477950456.11, 1362.0
1477950456.16, 1362.0
1477950456.21, 1362.0
1477950456.26, 1362.0
1477950456.31, 1362.0
1477950456.36, 1362.0
1477950456.41, 1362.0
1477950456.46, 1362.0
1477950456.51, 1362.0
1477950456.56, 1362.0
1477950456.61, 1362.0
1477950456.66, 1363.0
1477950456.71, 1363.0
1477950456.76, 1363.0
1477950456.81, 1363.0
1477950456.86, 1363.0
1477950456.91, 1363.0
1477950456.96, 1363.0
1477950457.01, 1363.0
1477950457.06, 1363.0
1477950457.11, 1363.0
1477950457.16, 1363.0
1477950457.22, 1363.0
1477950457.27, 1363.0
1477950457.32, 1363.0
1477950457.37, 1363.0
1477950457.42, 1363.0
1477950457.47, 1363.0
1477950457.52, 1363.0
1477950457.57, 1363.0
1477950457.62, 1363.0
1477950457.67, 1363.0
1477950457.72, 1363.0
1477950457.77, 1363.0
1477950457.82, 1364.0
1477950457.87, 1364.0
1477950457.92, 1364.0
1477950457.97, 1364.0
1477950458.02, 1364.0
1477950458.07, 1364.0
1477950458.12, 1364.0
1477950458.17, 1364.0
1477950458.22, 1364.0
1477950458.27, 1364.0
1477950458.32, 1364.0
1477950458.37, 1364.0
1477950458.42, 1364.0
1477950458.47, 1364.0
1477950458.52, 1364.0
1477950458.57, 1364.0
1477950458.62, 1364.0
1477950458.67, 1364.0
1477950458.72, 1364.0
1477950458.77, 1364.0
1477950458.82, 1364.0
1477950458.87, 1364.0
1477950458.92, 1364.0
1477950458.97, 1364.0
1477950459.02, 1364.0
1477950459.07, 1364.0
1477950459.13, 1364.0
1477950459.18, 1364.0
1477950459.23, 1364.0
1477950459.28, 1364.0
1477950459.33, 1364.0
1477950459.38, 1364.0
1477950459.43, 1364.0
1477950459.48, 1364.0
1477950459.53, 1364.0
1477950459.58, 1364.0
1477950459.63, 1364.0
1477950459.68, 1364.0
1477950459.73, 1364.0
1477950459.78, 1364.0
1477950459.83, 1364.0
1477950459.88, 1364.0
1477950459.93, 1364.0
1477950459.98, 1364.0
1477950460.03, 1364.0
1477950460.08, 1364.0
1477950460.13, 1364.0
1477950460.18, 1364.0
1477950460.23, 1364.0
1477950460.28, 1364.0
1477950460.33, 1364.0
1477950460.38, 1364.0
1477950460.43, 1364.0
1477950460.48, 1364.0
1477950460.53, 1364.0
1477950460.58, 1364.0
1477950460.63, 1364.0
1477950460.68, 1364.0
1477950460.73, 1364.0
1477950460.78, 1364.0
1477950460.83, 1364.0
1477950460.88, 1364.0
1477950460.93, 1364.0
1477950460.98, 1364.0
1477950461.03, 1364.0
1477950461.08, 1364.0
1477950461.13, 1364.0
1477950461.18, 1364.0
1477950461.23, 1364.0
1477950461.28, 1364.0
1477950461.33, 1364.0
1477950461.39, 1364.0
1477950461.44, 1364.0
1477950461.49, 1364.0
1477950461.54, 1364.0
1477950461.59, 1364.0
1477950461.64, 1364.0
1477950461.69, 1364.0
1477950461.74, 1364.0
1477950461.79, 1364.0
1477950461.84, 1364.0
1477950461.89, 1364.0
1477950461.94, 1364.0
1477950461.99, 1364.0
1477950462.04, 1364.0
1477950462.09, 1364.0
1477950462.14, 1364.0
1477950462.19, 1364.0
1477950462.24, 1364.0
1477950462.29, 1364.0
1477950462.34, 1364.0
1477950462.39, 1364.0
1477950462.44, 1364.0
1477950462.49, 1364.0
1477950462.54, 1364.0
1477950462.59, 1364.0
1477950462.64, 1364.0
1477950462.69, 1364.0
1477950462.74, 1364.0
1477950462.79, 1364.0
1477950462.84, 1364.0
1477950462.89, 1364.0
1477950462.95, 1364.0
1477950463.0, 1364.0
1477950463.05, 1364.0
1477950463.1, 1364.0
1477950463.15, 1364.0
1477950463.2, 1364.0
1477950463.25, 1364.0
1477950463.3, 1364.0
1477950463.35, 1364.0
1477950463.4, 1364.0
1477950463.45, 1364.0
1477950463.5, 1364.0
1477950463.55, 1364.0
1477950463.6, 1364.0
1477950463.65, 1364.0
1477950463.7, 1364.0
1477950463.75, 1364.0
1477950463.8, 1364.0
1477950463.85, 1364.0
1477950463.9, 1364.0
1477950463.95, 1364.0
1477950464.0, 1364.0
1477950464.05, 1364.0
1477950464.1, 1364.0
1477950464.15, 1364.0
1477950464.2, 1364.0
1477950464.25, 1364.0
1477950464.3, 1364.0
1477950464.35, 1364.0
1477950464.4, 1364.0
1477950464.45, 1364.0
1477950464.5, 1364.0
1477950464.55, 1364.0
1477950464.6, 1364.0
1477950464.65, 1364.0
1477950464.7, 1364.0
1477950464.75, 1364.0
1477950464.81, 1364.0
1477950464.86, 1364.0
1477950464.91, 1364.0
1477950464.96, 1364.0
1477950465.01, 1364.0
1477950465.06, 1364.0
1477950465.11, 1364.0
1477950465.16, 1364.0
1477950465.21, 1364.0
1477950465.26, 1365.0
1477950465.31, 1365.0
1477950465.36, 1365.0
1477950465.41, 1365.0
1477950465.46, 1365.0
1477950465.51, 1365.0
1477950465.56, 1365.0
1477950465.61, 1365.0
1477950465.66, 1365.0
1477950465.71, 1365.0
1477950465.76, 1365.0
1477950465.81, 1365.0
1477950465.86, 1365.0
1477950465.91, 1365.0
1477950465.96, 1365.0
1477950466.01, 1365.0
1477950466.06, 1365.0
1477950466.11, 1365.0
1477950466.16, 1365.0
1477950466.21, 1365.0
1477950466.26, 1365.0
1477950466.31, 1365.0
1477950466.36, 1365.0
1477950466.41, 1365.0
1477950466.46, 1365.0
1477950466.51, 1365.0
1477950466.56, 1365.0
1477950466.61, 1365.0
1477950466.66, 1365.0
1477950466.71, 1365.0
1477950466.76, 1365.0
1477950466.81, 1365.0
1477950466.86, 1365.0
1477950466.91, 1365.0
1477950466.97, 1365.0
1477950467.02, 1365.0
1477950467.07, 1365.0
1477950467.12, 1365.0
1477950467.17, 1365.0
1477950467.22, 1365.0
1477950467.27, 1365.0
1477950467.32, 1365.0
1477950467.37, 1365.0
1477950467.42, 1365.0
1477950467.47, 1365.0
1477950467.52, 1365.0
1477950467.57, 1365.0
1477950467.62, 1365.0
1477950467.67, 1365.0
1477950467.72, 1365.0
1477950467.77, 1365.0
1477950467.82, 1365.0
1477950467.87, 1365.0
1477950467.92, 1365.0
1477950467.97, 1365.0
1477950468.03, 1365.0
1477950468.08, 1365.0
1477950468.13, 1365.0
1477950468.18, 1365.0
1477950468.23, 1365.0
1477950468.28, 1365.0
1477950468.33, 1365.0
1477950468.38, 1365.0
1477950468.43, 1365.0
1477950468.48, 1365.0
1477950468.53, 1366.0
1477950468.58, 1366.0
1477950468.63, 1366.0
1477950468.68, 1366.0
1477950468.73, 1366.0
1477950468.78, 1366.0
1477950468.84, 1366.0
1477950468.89, 1366.0
1477950468.94, 1366.0
1477950468.99, 1366.0
1477950469.04, 1366.0
1477950469.09, 1366.0
1477950469.14, 1366.0
1477950469.19, 1366.0
1477950469.24, 1366.0
1477950469.29, 1366.0
1477950469.34, 1366.0
