1477950438.028253,17
1477950438.189535,15
1477950438.336006,14
1477950438.489876,12
1477950438.650600,10
1477950438.810618,12
1477950438.960431,11
1477950439.108663,17
1477950439.278198,15
1477950439.390800,17
1477950439.495233,17
1477950439.599510,16
1477950439.706437,14
1477950439.835801,10
1477950439.953560,9
1477950440.060458,12
1477950440.165750,14
1477950440.273847,13
1477950440.396121,12
1477950440.516005,9
1477950440.621501,12
1477950440.725311,12
1477950440.829218,13
1477950440.937405,17
1477950441.051979,16
1477950441.155844,17
1477950441.278348,16
1477950441.382782,16
1477950441.508766,17
1477950441.636322,16
1477950441.740501,16
1477950441.844707,15
1477950441.948701,15
1477950442.064079,16
1477950442.185711,16
1477950442.289729,16
1477950442.419030,17
1477950442.539302,17
1477950442.643296,17
1477950442.754306,17
1477950442.858206,17
1477950442.977712,17
1477950443.100277,17
1477950443.206331,17
1477950443.343660,16
1477950443.461808,17
1477950443.567951,17
1477950443.671767,16
1477950443.775446,17
1477950443.879196,17
1477950443.993665,17
1477950444.101800,17
1477950444.214822,17
1477950444.318529,17
1477950444.422309,16
1477950444.526513,17
1477950444.630536,17
1477950444.734655,17
1477950444.846685,17
1477950444.954187,17
1477950445.058135,17
1477950445.170183,17
1477950445.275077,17
1477950445.378976,16
1477950445.483088,16
1477950445.588362,17
1477950445.705040,16
1477950445.812049,17
1477950445.916100,16
1477950446.040543,17
1477950446.146338,16
1477950446.255752,17
1477950446.367346,16
1477950446.471142,16
1477950446.576383,17
1477950446.680410,17
1477950446.784918,17
1477950446.889221,16
1477950446.992974,17
1477950447.096734,17
1477950447.203728,16
1477950447.311512,16
1477950447.429320,16
1477950447.533186,16
1477950447.636884,16
1477950447.740796,17
1477950447.844456,16
1477950447.948651,15
1477950448.053398,16
1477950448.160548,17
1477950448.269688,17
1477950448.374160,16
1477950448.477841,15
1477950448.581664,15
1477950448.695187,16
1477950448.801182,16
1477950448.905643,15
1477950449.009936,16
1477950449.123703,16
1477950449.230294,16
1477950449.334329,16
1477950449.438657,16
1477950449.542452,16
1477950449.649414,15
1477950449.753756,17
1477950449.857627,17
1477950449.962658,17
1477950450.066501,16
1477950450.171730,17
1477950450.280838,16
1477950450.401286,17
1477950450.505212,17
1477950450.609556,17
1477950450.713648,17
1477950450.817811,16
1477950450.922217,16
1477950451.025897,16
1477950451.137423,16
1477950451.244896,17
1477950451.361678,17
1477950451.465362,17
1477950451.569310,16
1477950451.673290,16
1477950451.777653,17
1477950451.881688,17
1477950451.991116,17
1477950452.115606,16
1477950452.219657,17
1477950452.323478,17
1477950452.427749,17
1477950452.531958,17
1477950452.637808,16
1477950452.764101,17
1477950452.868381,17
1477950452.972033,17
1477950453.076069,17
1477950453.180275,17
1477950453.284349,16
1477950453.388386,16
1477950453.499736,16
1477950453.607157,17
1477950453.710704,16
1477950453.823746,16
1477950453.927717,17
1477950454.031910,17
1477950454.135665,17
1477950454.239530,17
1477950454.344076,16
1477950454.451977,17
1477950454.560466,17
1477950454.664437,17
1477950454.768856,17
1477950454.872630,16
1477950454.991491,16
1477950455.097870,17
1477950455.208671,17
1477950455.316711,17
1477950455.420584,16
1477950455.524402,16
1477950455.632100,16
1477950455.735899,15
1477950455.840423,15
1477950455.944073,17
1477950456.047987,16
1477950456.152020,16
1477950456.256714,16
1477950456.361823,15
1477950456.482116,16
1477950456.586397,17
1477950456.690272,17
1477950456.794613,17
1477950456.898958,16
1477950457.003447,17
1477950457.108028,17
1477950457.228521,17
1477950457.333930,16
1477950457.437827,17
1477950457.541782,17
1477950457.646079,17
1477950457.753503,17
1477950457.857513,17
1477950457.961320,17
1477950458.065449,17
1477950458.169979,17
1477950458.281593,16
1477950458.387535,17
1477950458.491552,17
1477950458.595630,17
1477950458.699669,17
1477950458.803444,16
1477950458.907915,17
1477950459.011786,17
1477950459.115641,17
1477950459.220932,17
1477950459.324799,16
1477950459.435089,16
1477950459.542534,17
1477950459.647102,17
1477950459.752197,16
1477950459.856762,17
1477950459.960994,17
1477950460.064621,17
1477950460.168829,17
1477950460.272923,16
1477950460.377013,16
1477950460.482713,17
1477950460.591628,17
1477950460.700223,16
1477950460.804690,17
1477950460.908708,17
1477950461.013076,17
1477950461.117174,17
1477950461.221078,17
1477950461.326789,17
1477950461.430935,17
1477950461.534764,17
1477950461.642835,17
1477950461.751719,17
1477950461.855896,17
1477950461.962043,17
1477950462.066168,17
1477950462.171001,16
1477950462.275511,17
1477950462.379379,17
1477950462.484161,17
1477950462.588293,17
1477950462.692086,16
1477950462.808648,17
1477950462.912096,17
1477950463.024616,16
1477950463.128893,17
1477950463.232902,17
1477950463.337054,17
1477950463.441566,17
1477950463.545705,16
1477950463.653862,17
1477950463.773409,17
1477950463.877481,16
1477950463.982115,17
1477950464.085927,17
1477950464.189842,17
1477950464.293744,17
1477950464.398024,17
1477950464.501881,16
1477950464.609266,17
1477950464.718728,17
1477950464.823020,17
1477950464.927176,17
1477950465.031196,16
1477950465.135307,16
1477950465.239213,17
1477950465.343124,17
1477950465.447035,17
1477950465.550772,17
1477950465.654517,17
1477950465.758699,16
1477950465.865947,17
1477950465.974777,17
1477950466.078526,17
1477950466.182366,17
1477950466.286877,17
1477950466.394801,17
1477950466.498538,17
1477950466.602829,17
1477950466.706942,16
1477950466.811389,17
1477950466.916681,17
1477950467.023323,16
1477950467.131308,17
1477950467.234849,17
1477950467.338605,17
1477950467.442755,16
1477950467.547228,17
1477950467.652262,17
1477950467.757768,17
1477950467.862033,16
1477950467.966300,17
1477950468.070542,17
1477950468.184463,17
1477950468.306623,17
1477950468.416789,17
1477950468.521075,17
1477950468.625154,17
1477950468.729104,17
1477950468.842740,17
1477950468.963708,17
1477950469.076659,17
1477950469.180723,17
1477950469.285997,17
