1477950437.99, 2418104.0
1477950438.1, 2437522.0
1477950438.24, 2461350.0
1477950438.33, 2480768.0
1477950438.45, 2504596.0
1477950438.55, 2520986.0
1477950438.67, 2541720.0
1477950438.79, 2565416.0
1477950438.91, 2587664.0
1477950439.02, 2605436.0
1477950439.13, 2626373.0
1477950439.24, 2647191.0
1477950439.36, 2668135.0
1477950439.41, 2674143.0
1477950439.46, 2680109.0
1477950439.52, 2687750.0
1477950439.57, 2690820.0
1477950439.62, 2690862.0
1477950439.67, 2693908.0
1477950439.72, 2694118.0
1477950439.77, 2694244.0
1477950439.82, 2694244.0
1477950439.87, 2694286.0
1477950439.92, 2694328.0
1477950439.97, 2694370.0
1477950440.02, 2694412.0
1477950440.07, 2694496.0
1477950440.12, 2694538.0
1477950440.17, 2694664.0
1477950440.23, 2694832.0
1477950440.28, 2694874.0
1477950440.33, 2695042.0
1477950440.38, 2695168.0
1477950440.43, 2695252.0
1477950440.48, 2695378.0
1477950440.53, 2695462.0
1477950440.58, 2695504.0
1477950440.63, 2695546.0
1477950440.68, 2695672.0
1477950440.73, 2695672.0
1477950440.78, 2697186.0
1477950440.83, 2697270.0
1477950440.88, 2703260.0
1477950440.93, 2703260.0
1477950440.98, 2706288.0
1477950441.03, 2709316.0
1477950441.08, 2709358.0
1477950441.13, 2710872.0
1477950441.18, 2713834.0
1477950441.23, 2713834.0
1477950441.29, 2715390.0
1477950441.34, 2715390.0
1477950441.39, 2715390.0
1477950441.44, 2715390.0
1477950441.5, 2715390.0
1477950441.55, 2715432.0
1477950441.6, 2715432.0
1477950441.65, 2715432.0
1477950441.7, 2715432.0
1477950441.75, 2715432.0
1477950441.8, 2715432.0
1477950441.85, 2715432.0
1477950441.9, 2715432.0
1477950441.95, 2715432.0
1477950442.0, 2715432.0
1477950442.05, 2715432.0
1477950442.1, 2715432.0
1477950442.15, 2715432.0
1477950442.2, 2715432.0
1477950442.25, 2715432.0
1477950442.3, 2715432.0
1477950442.35, 2715432.0
1477950442.41, 2715432.0
1477950442.46, 2716946.0
1477950442.51, 2716946.0
1477950442.56, 2716946.0
1477950442.61, 2719908.0
1477950442.66, 2719908.0
1477950442.71, 2719908.0
1477950442.76, 2719908.0
1477950442.81, 2719908.0
1477950442.86, 2719908.0
1477950442.91, 2719908.0
1477950442.96, 2719908.0
1477950443.02, 2719908.0
1477950443.07, 2719908.0
1477950443.12, 2719908.0
1477950443.17, 2719908.0
1477950443.22, 2719908.0
1477950443.27, 2719908.0
1477950443.33, 2719908.0
1477950443.38, 2719908.0
1477950443.43, 2719908.0
1477950443.48, 2719908.0
1477950443.53, 2719908.0
1477950443.58, 2719908.0
1477950443.63, 2719908.0
1477950443.68, 2719908.0
1477950443.73, 2719908.0
1477950443.78, 2719908.0
1477950443.83, 2719908.0
1477950443.88, 2719908.0
1477950443.93, 2719908.0
1477950443.98, 2719908.0
1477950444.03, 2719908.0
1477950444.08, 2719908.0
1477950444.13, 2719908.0
1477950444.18, 2719908.0
1477950444.23, 2719908.0
1477950444.28, 2719908.0
1477950444.33, 2719908.0
1477950444.38, 2719908.0
1477950444.44, 2719908.0
1477950444.49, 2719908.0
1477950444.54, 2719908.0
1477950444.59, 2719908.0
1477950444.64, 2719908.0
1477950444.69, 2719908.0
1477950444.74, 2719908.0
1477950444.79, 2719908.0
1477950444.84, 2719908.0
1477950444.89, 2719908.0
1477950444.94, 2719908.0
1477950444.99, 2719908.0
1477950445.04, 2719908.0
1477950445.09, 2719908.0
1477950445.14, 2719908.0
1477950445.19, 2719908.0
1477950445.24, 2719908.0
1477950445.29, 2719908.0
1477950445.34, 2719908.0
1477950445.39, 2719908.0
1477950445.44, 2719908.0
1477950445.49, 2719908.0
1477950445.54, 2719908.0
1477950445.59, 2719908.0
1477950445.64, 2719908.0
1477950445.69, 2719908.0
1477950445.74, 2719908.0
1477950445.79, 2719908.0
1477950445.84, 2719908.0
1477950445.89, 2719908.0
1477950445.94, 2719908.0
1477950445.99, 2719908.0
1477950446.04, 2719908.0
1477950446.09, 2719908.0
1477950446.14, 2719908.0
1477950446.19, 2719908.0
1477950446.24, 2719908.0
1477950446.29, 2719908.0
1477950446.34, 2719908.0
1477950446.39, 2719908.0
1477950446.44, 2719908.0
1477950446.5, 2719908.0
1477950446.55, 2719908.0
1477950446.6, 2719908.0
1477950446.65, 2719908.0
1477950446.7, 2719908.0
1477950446.75, 2719908.0
1477950446.8, 2719908.0
1477950446.85, 2719908.0
1477950446.9, 2719908.0
1477950446.95, 2719908.0
1477950447.0, 2719908.0
1477950447.05, 2719908.0
1477950447.1, 2719908.0
1477950447.15, 2719908.0
1477950447.2, 2719950.0
1477950447.25, 2719950.0
1477950447.3, 2719950.0
1477950447.35, 2719950.0
1477950447.4, 2719950.0
1477950447.45, 2719950.0
1477950447.5, 2719950.0
1477950447.55, 2719950.0
1477950447.6, 2719950.0
1477950447.65, 2719950.0
1477950447.7, 2719950.0
1477950447.75, 2719950.0
1477950447.8, 2719992.0
1477950447.85, 2719992.0
1477950447.9, 2719992.0
1477950447.95, 2719992.0
1477950448.0, 2719992.0
1477950448.05, 2719992.0
1477950448.1, 2719992.0
1477950448.16, 2719992.0
1477950448.21, 2719992.0
1477950448.26, 2719992.0
1477950448.31, 2720034.0
1477950448.36, 2720034.0
1477950448.41, 2720034.0
1477950448.46, 2720034.0
1477950448.51, 2720034.0
1477950448.56, 2720034.0
1477950448.61, 2720034.0
1477950448.66, 2720034.0
1477950448.71, 2720034.0
1477950448.76, 2720034.0
1477950448.81, 2720034.0
1477950448.86, 2720034.0
1477950448.91, 2720034.0
1477950448.96, 2720034.0
1477950449.01, 2720034.0
1477950449.06, 2720034.0
1477950449.11, 2720034.0
1477950449.16, 2720034.0
1477950449.21, 2720034.0
1477950449.26, 2720076.0
1477950449.31, 2720076.0
1477950449.36, 2720076.0
1477950449.41, 2720076.0
1477950449.47, 2720076.0
1477950449.52, 2720076.0
1477950449.57, 2720076.0
1477950449.62, 2720076.0
1477950449.67, 2720076.0
1477950449.72, 2720076.0
1477950449.77, 2720076.0
1477950449.82, 2720076.0
1477950449.87, 2721590.0
1477950449.92, 2721590.0
1477950449.97, 2721590.0
1477950450.02, 2721590.0
1477950450.07, 2721590.0
1477950450.12, 2721590.0
1477950450.17, 2721590.0
1477950450.22, 2721590.0
1477950450.27, 2721590.0
1477950450.32, 2721590.0
1477950450.37, 2721590.0
1477950450.42, 2721590.0
1477950450.47, 2721590.0
1477950450.52, 2721590.0
1477950450.57, 2721590.0
1477950450.62, 2721590.0
1477950450.68, 2721590.0
1477950450.73, 2721590.0
1477950450.78, 2721590.0
1477950450.83, 2721590.0
1477950450.88, 2721590.0
1477950450.93, 2721590.0
1477950450.98, 2721590.0
1477950451.03, 2721590.0
1477950451.08, 2721590.0
1477950451.13, 2721590.0
1477950451.18, 2721590.0
1477950451.23, 2721590.0
1477950451.28, 2721590.0
1477950451.33, 2721590.0
1477950451.38, 2721590.0
1477950451.43, 2721590.0
1477950451.48, 2721590.0
1477950451.53, 2721590.0
1477950451.58, 2721590.0
1477950451.63, 2721590.0
1477950451.68, 2721590.0
1477950451.73, 2721590.0
1477950451.78, 2721590.0
1477950451.83, 2721590.0
1477950451.88, 2721590.0
1477950451.93, 2721590.0
1477950451.98, 2721590.0
1477950452.03, 2721590.0
1477950452.08, 2721590.0
1477950452.13, 2721590.0
1477950452.18, 2721590.0
1477950452.23, 2721590.0
1477950452.28, 2721590.0
1477950452.33, 2721590.0
1477950452.38, 2721590.0
1477950452.43, 2721590.0
1477950452.49, 2721590.0
1477950452.54, 2721590.0
1477950452.59, 2721590.0
1477950452.64, 2721590.0
1477950452.69, 2721590.0
1477950452.74, 2721590.0
1477950452.79, 2721590.0
1477950452.84, 2721590.0
1477950452.89, 2721590.0
1477950452.94, 2721590.0
1477950452.99, 2721590.0
1477950453.04, 2721590.0
1477950453.09, 2723104.0
1477950453.14, 2723104.0
1477950453.19, 2723104.0
1477950453.24, 2723104.0
1477950453.29, 2723104.0
1477950453.34, 2723104.0
1477950453.39, 2723104.0
1477950453.44, 2723104.0
1477950453.49, 2723104.0
1477950453.54, 2723104.0
1477950453.59, 2723104.0
1477950453.64, 2723104.0
1477950453.69, 2723104.0
1477950453.74, 2723104.0
1477950453.79, 2723104.0
1477950453.84, 2723104.0
1477950453.89, 2723104.0
1477950453.94, 2723104.0
1477950453.99, 2723104.0
1477950454.04, 2723104.0
1477950454.09, 2723104.0
1477950454.14, 2723104.0
1477950454.2, 2723104.0
1477950454.25, 2723104.0
1477950454.3, 2724618.0
1477950454.35, 2724618.0
1477950454.4, 2724618.0
1477950454.45, 2724618.0
1477950454.5, 2724618.0
1477950454.55, 2724618.0
1477950454.6, 2724618.0
1477950454.65, 2724618.0
1477950454.7, 2724618.0
1477950454.75, 2724618.0
1477950454.8, 2724618.0
1477950454.85, 2724618.0
1477950454.9, 2724618.0
1477950454.95, 2724618.0
1477950455.0, 2724618.0
1477950455.05, 2724821.0
1477950455.1, 2724821.0
1477950455.15, 2724821.0
1477950455.2, 2724821.0
1477950455.25, 2724821.0
1477950455.3, 2724821.0
1477950455.35, 2724821.0
1477950455.4, 2724821.0
1477950455.45, 2726335.0
1477950455.5, 2726538.0
1477950455.55, 2726538.0
1477950455.6, 2726538.0
1477950455.65, 2726538.0
1477950455.7, 2726538.0
1477950455.75, 2726538.0
1477950455.8, 2726538.0
1477950455.85, 2726538.0
1477950455.91, 2726538.0
1477950455.96, 2726538.0
1477950456.01, 2726580.0
1477950456.06, 2726580.0
1477950456.11, 2726580.0
1477950456.16, 2726580.0
1477950456.21, 2726580.0
1477950456.26, 2726580.0
1477950456.31, 2726580.0
1477950456.36, 2726580.0
1477950456.41, 2726580.0
1477950456.46, 2726580.0
1477950456.51, 2726580.0
1477950456.56, 2726580.0
1477950456.61, 2726580.0
1477950456.66, 2728094.0
1477950456.71, 2728094.0
1477950456.76, 2728094.0
1477950456.81, 2728094.0
1477950456.86, 2728094.0
1477950456.91, 2728094.0
1477950456.96, 2728094.0
1477950457.01, 2728094.0
1477950457.06, 2728094.0
1477950457.11, 2728094.0
1477950457.16, 2728094.0
1477950457.22, 2728094.0
1477950457.27, 2728094.0
1477950457.32, 2728094.0
1477950457.37, 2728094.0
1477950457.42, 2728094.0
1477950457.47, 2728094.0
1477950457.52, 2728094.0
1477950457.57, 2728094.0
1477950457.62, 2728094.0
1477950457.67, 2728094.0
1477950457.72, 2728094.0
1477950457.77, 2728094.0
1477950457.82, 2729608.0
1477950457.87, 2729608.0
1477950457.92, 2729608.0
1477950457.97, 2729608.0
1477950458.02, 2729608.0
1477950458.07, 2729608.0
1477950458.12, 2729608.0
1477950458.17, 2729608.0
1477950458.22, 2729608.0
1477950458.27, 2729608.0
1477950458.32, 2729608.0
1477950458.37, 2729608.0
1477950458.42, 2729608.0
1477950458.47, 2729608.0
1477950458.52, 2729608.0
1477950458.57, 2729608.0
1477950458.62, 2729608.0
1477950458.67, 2729608.0
1477950458.72, 2729608.0
1477950458.77, 2729608.0
1477950458.82, 2729608.0
1477950458.87, 2729608.0
1477950458.92, 2729608.0
1477950458.97, 2729608.0
1477950459.02, 2729608.0
1477950459.07, 2729608.0
1477950459.13, 2729608.0
1477950459.18, 2729608.0
1477950459.23, 2729608.0
1477950459.28, 2729608.0
1477950459.33, 2729608.0
1477950459.38, 2729608.0
1477950459.43, 2729608.0
1477950459.48, 2729608.0
1477950459.53, 2729608.0
1477950459.58, 2729608.0
1477950459.63, 2729608.0
1477950459.68, 2729608.0
1477950459.73, 2729608.0
1477950459.78, 2729608.0
1477950459.83, 2729608.0
1477950459.88, 2729608.0
1477950459.93, 2729608.0
1477950459.98, 2729608.0
1477950460.03, 2729608.0
1477950460.08, 2729608.0
1477950460.13, 2729608.0
1477950460.18, 2729608.0
1477950460.23, 2729608.0
1477950460.28, 2729608.0
1477950460.33, 2729608.0
1477950460.38, 2729608.0
1477950460.43, 2729608.0
1477950460.48, 2729608.0
1477950460.53, 2729608.0
1477950460.58, 2729608.0
1477950460.63, 2729608.0
1477950460.68, 2729608.0
1477950460.73, 2729608.0
1477950460.78, 2729608.0
1477950460.83, 2729608.0
1477950460.88, 2729608.0
1477950460.93, 2729608.0
1477950460.98, 2729608.0
1477950461.03, 2729608.0
1477950461.08, 2729608.0
1477950461.13, 2729608.0
1477950461.18, 2729608.0
1477950461.23, 2729608.0
1477950461.28, 2729608.0
1477950461.33, 2729608.0
1477950461.39, 2729608.0
1477950461.44, 2729608.0
1477950461.49, 2729608.0
1477950461.54, 2729608.0
1477950461.59, 2729608.0
1477950461.64, 2729608.0
1477950461.69, 2729608.0
1477950461.74, 2729608.0
1477950461.79, 2729608.0
1477950461.84, 2729608.0
1477950461.89, 2729608.0
1477950461.94, 2729608.0
1477950461.99, 2729608.0
1477950462.04, 2729608.0
1477950462.09, 2729608.0
1477950462.14, 2729608.0
1477950462.19, 2729608.0
1477950462.24, 2729608.0
1477950462.29, 2729608.0
1477950462.34, 2729608.0
1477950462.39, 2729608.0
1477950462.44, 2729608.0
1477950462.49, 2729608.0
1477950462.54, 2729608.0
1477950462.59, 2729608.0
1477950462.64, 2729608.0
1477950462.69, 2729608.0
1477950462.74, 2729608.0
1477950462.79, 2729608.0
1477950462.84, 2729608.0
1477950462.89, 2729608.0
1477950462.95, 2729608.0
1477950463.0, 2729608.0
1477950463.05, 2729608.0
1477950463.1, 2729608.0
1477950463.15, 2729608.0
1477950463.2, 2729608.0
1477950463.25, 2729608.0
1477950463.3, 2729608.0
1477950463.35, 2729608.0
1477950463.4, 2729608.0
1477950463.45, 2729608.0
1477950463.5, 2729608.0
1477950463.55, 2729608.0
1477950463.6, 2729608.0
1477950463.65, 2729608.0
1477950463.7, 2729608.0
1477950463.75, 2729608.0
1477950463.8, 2729608.0
1477950463.85, 2729608.0
1477950463.9, 2729608.0
1477950463.95, 2729608.0
1477950464.0, 2729608.0
1477950464.05, 2729608.0
1477950464.1, 2729608.0
1477950464.15, 2729608.0
1477950464.2, 2729608.0
1477950464.25, 2729608.0
1477950464.3, 2729608.0
1477950464.35, 2729608.0
1477950464.4, 2729608.0
1477950464.45, 2729608.0
1477950464.5, 2729608.0
1477950464.55, 2729608.0
1477950464.6, 2729608.0
1477950464.65, 2729608.0
1477950464.7, 2729608.0
1477950464.75, 2729608.0
1477950464.81, 2729608.0
1477950464.86, 2729608.0
1477950464.91, 2729608.0
1477950464.96, 2729608.0
1477950465.01, 2729608.0
1477950465.06, 2729608.0
1477950465.11, 2729608.0
1477950465.16, 2729608.0
1477950465.21, 2729608.0
1477950465.26, 2731122.0
1477950465.31, 2731122.0
1477950465.36, 2731122.0
1477950465.41, 2731122.0
1477950465.46, 2731122.0
1477950465.51, 2731122.0
1477950465.56, 2731122.0
1477950465.61, 2731122.0
1477950465.66, 2731122.0
1477950465.71, 2731122.0
1477950465.76, 2731122.0
1477950465.81, 2731122.0
1477950465.86, 2731122.0
1477950465.91, 2731122.0
1477950465.96, 2731122.0
1477950466.01, 2731122.0
1477950466.06, 2731122.0
1477950466.11, 2731122.0
1477950466.16, 2731122.0
1477950466.21, 2731122.0
1477950466.26, 2731122.0
1477950466.31, 2731122.0
1477950466.36, 2731122.0
1477950466.41, 2731122.0
1477950466.46, 2731122.0
1477950466.51, 2731122.0
1477950466.56, 2731122.0
1477950466.61, 2731122.0
1477950466.66, 2731122.0
1477950466.71, 2731122.0
1477950466.76, 2731122.0
1477950466.81, 2731122.0
1477950466.86, 2731122.0
1477950466.91, 2731122.0
1477950466.97, 2731122.0
1477950467.02, 2731122.0
1477950467.07, 2731122.0
1477950467.12, 2731122.0
1477950467.17, 2731122.0
1477950467.22, 2731122.0
1477950467.27, 2731122.0
1477950467.32, 2731122.0
1477950467.37, 2731122.0
1477950467.42, 2731122.0
1477950467.47, 2731122.0
1477950467.52, 2731122.0
1477950467.57, 2731122.0
1477950467.62, 2731122.0
1477950467.67, 2731122.0
1477950467.72, 2731122.0
1477950467.77, 2731122.0
1477950467.82, 2731122.0
1477950467.87, 2731122.0
1477950467.92, 2731122.0
1477950467.97, 2731122.0
1477950468.03, 2731122.0
1477950468.08, 2731122.0
1477950468.13, 2731122.0
1477950468.18, 2731122.0
1477950468.23, 2731122.0
1477950468.28, 2731122.0
1477950468.33, 2731122.0
1477950468.38, 2731122.0
1477950468.43, 2731122.0
1477950468.48, 2731122.0
1477950468.53, 2732636.0
1477950468.58, 2732636.0
1477950468.63, 2732636.0
1477950468.68, 2732636.0
1477950468.73, 2732636.0
1477950468.78, 2732636.0
1477950468.84, 2732636.0
1477950468.89, 2732636.0
1477950468.94, 2732636.0
1477950468.99, 2732636.0
1477950469.04, 2732636.0
1477950469.09, 2732636.0
1477950469.14, 2732636.0
1477950469.19, 2732636.0
1477950469.24, 2732636.0
1477950469.29, 2732636.0
1477950469.34, 2732636.0
