1477950437.99, 2577158.0
1477950438.1, 2593614.0
1477950438.24, 2617442.0
1477950438.33, 2636860.0
1477950438.45, 2657594.0
1477950438.55, 2672404.0
1477950438.67, 2696100.0
1477950438.79, 2718348.0
1477950438.91, 2745006.0
1477950439.02, 2762778.0
1477950439.13, 2783512.0
1477950439.24, 2804246.0
1477950439.36, 2823532.0
1477950439.41, 2829588.0
1477950439.46, 2835644.0
1477950439.52, 2846110.0
1477950439.57, 2852100.0
1477950439.62, 2852100.0
1477950439.67, 2855128.0
1477950439.72, 2855128.0
1477950439.77, 2855128.0
1477950439.82, 2855128.0
1477950439.87, 2855128.0
1477950439.92, 2855128.0
1477950439.97, 2855128.0
1477950440.02, 2855128.0
1477950440.07, 2855128.0
1477950440.12, 2855128.0
1477950440.17, 2855128.0
1477950440.23, 2855128.0
1477950440.28, 2855128.0
1477950440.33, 2855128.0
1477950440.38, 2855128.0
1477950440.43, 2855128.0
1477950440.48, 2855128.0
1477950440.53, 2855128.0
1477950440.58, 2855128.0
1477950440.63, 2855128.0
1477950440.68, 2855128.0
1477950440.73, 2856642.0
1477950440.78, 2862632.0
1477950440.83, 2862632.0
1477950440.88, 2868688.0
1477950440.93, 2870202.0
1477950440.98, 2876192.0
1477950441.03, 2892648.0
1477950441.08, 2892648.0
1477950441.13, 2897190.0
1477950441.18, 2900218.0
1477950441.23, 2900218.0
1477950441.29, 2901732.0
1477950441.34, 2901732.0
1477950441.39, 2901732.0
1477950441.44, 2901732.0
1477950441.5, 2901732.0
1477950441.55, 2901732.0
1477950441.6, 2901732.0
1477950441.65, 2901732.0
1477950441.7, 2901732.0
1477950441.75, 2901732.0
1477950441.8, 2901732.0
1477950441.85, 2901732.0
1477950441.9, 2901732.0
1477950441.95, 2901732.0
1477950442.0, 2901732.0
1477950442.05, 2901732.0
1477950442.1, 2901732.0
1477950442.15, 2901732.0
1477950442.2, 2901732.0
1477950442.25, 2901732.0
1477950442.3, 2903246.0
1477950442.35, 2903246.0
1477950442.41, 2903246.0
1477950442.46, 2912198.0
1477950442.51, 2912198.0
1477950442.56, 2912198.0
1477950442.61, 2915226.0
1477950442.66, 2915226.0
1477950442.71, 2915226.0
1477950442.76, 2915226.0
1477950442.81, 2915226.0
1477950442.86, 2915226.0
1477950442.91, 2915226.0
1477950442.96, 2915226.0
1477950443.02, 2915226.0
1477950443.07, 2915226.0
1477950443.12, 2915226.0
1477950443.17, 2915226.0
1477950443.22, 2915226.0
1477950443.27, 2915226.0
1477950443.33, 2915226.0
1477950443.38, 2915226.0
1477950443.43, 2915226.0
1477950443.48, 2916740.0
1477950443.53, 2916740.0
1477950443.58, 2916740.0
1477950443.63, 2916740.0
1477950443.68, 2916740.0
1477950443.73, 2916740.0
1477950443.78, 2916740.0
1477950443.83, 2916740.0
1477950443.88, 2916740.0
1477950443.93, 2916740.0
1477950443.98, 2916740.0
1477950444.03, 2916740.0
1477950444.08, 2916740.0
1477950444.13, 2916740.0
1477950444.18, 2916740.0
1477950444.23, 2916740.0
1477950444.28, 2916740.0
1477950444.33, 2916740.0
1477950444.38, 2916740.0
1477950444.44, 2916740.0
1477950444.49, 2916740.0
1477950444.54, 2916740.0
1477950444.59, 2916740.0
1477950444.64, 2916740.0
1477950444.69, 2916740.0
1477950444.74, 2916740.0
1477950444.79, 2916740.0
1477950444.84, 2916740.0
1477950444.89, 2916740.0
1477950444.94, 2916740.0
1477950444.99, 2916740.0
1477950445.04, 2916740.0
1477950445.09, 2916740.0
1477950445.14, 2916740.0
1477950445.19, 2916740.0
1477950445.24, 2916740.0
1477950445.29, 2916740.0
1477950445.34, 2916740.0
1477950445.39, 2916740.0
1477950445.44, 2916740.0
1477950445.49, 2916740.0
1477950445.54, 2916740.0
1477950445.59, 2918254.0
1477950445.64, 2918254.0
1477950445.69, 2918254.0
1477950445.74, 2918254.0
1477950445.79, 2918254.0
1477950445.84, 2918254.0
1477950445.89, 2918254.0
1477950445.94, 2918254.0
1477950445.99, 2918254.0
1477950446.04, 2918254.0
1477950446.09, 2918254.0
1477950446.14, 2918254.0
1477950446.19, 2918254.0
1477950446.24, 2918254.0
1477950446.29, 2918254.0
1477950446.34, 2918254.0
1477950446.39, 2918254.0
1477950446.44, 2918254.0
1477950446.5, 2918254.0
1477950446.55, 2918254.0
1477950446.6, 2918254.0
1477950446.65, 2918254.0
1477950446.7, 2918254.0
1477950446.75, 2918254.0
1477950446.8, 2918254.0
1477950446.85, 2918254.0
1477950446.9, 2918254.0
1477950446.95, 2918254.0
1477950447.0, 2918254.0
1477950447.05, 2918254.0
1477950447.1, 2918254.0
1477950447.15, 2918254.0
1477950447.2, 2918254.0
1477950447.25, 2918254.0
1477950447.3, 2918254.0
1477950447.35, 2918254.0
1477950447.4, 2918254.0
1477950447.45, 2918254.0
1477950447.5, 2918254.0
1477950447.55, 2918254.0
1477950447.6, 2918254.0
1477950447.65, 2918254.0
1477950447.7, 2918254.0
1477950447.75, 2918254.0
1477950447.8, 2918254.0
1477950447.85, 2918254.0
1477950447.9, 2918254.0
1477950447.95, 2918254.0
1477950448.0, 2918254.0
1477950448.05, 2918254.0
1477950448.1, 2918254.0
1477950448.16, 2918254.0
1477950448.21, 2918254.0
1477950448.26, 2918254.0
1477950448.31, 2918254.0
1477950448.36, 2918254.0
1477950448.41, 2918254.0
1477950448.46, 2918254.0
1477950448.51, 2918254.0
1477950448.56, 2918254.0
1477950448.61, 2918254.0
1477950448.66, 2918254.0
1477950448.71, 2918254.0
1477950448.76, 2918254.0
1477950448.81, 2918254.0
1477950448.86, 2918254.0
1477950448.91, 2918254.0
1477950448.96, 2918254.0
1477950449.01, 2918254.0
1477950449.06, 2918254.0
1477950449.11, 2918254.0
1477950449.16, 2918254.0
1477950449.21, 2918254.0
1477950449.26, 2918254.0
1477950449.31, 2918254.0
1477950449.36, 2918254.0
1477950449.41, 2918254.0
1477950449.47, 2918254.0
1477950449.52, 2918254.0
1477950449.57, 2918254.0
1477950449.62, 2918254.0
1477950449.67, 2918254.0
1477950449.72, 2919768.0
1477950449.77, 2919768.0
1477950449.82, 2919768.0
1477950449.87, 2922796.0
1477950449.92, 2922796.0
1477950449.97, 2922796.0
1477950450.02, 2922796.0
1477950450.07, 2922796.0
1477950450.12, 2922796.0
1477950450.17, 2922796.0
1477950450.22, 2922796.0
1477950450.27, 2922796.0
1477950450.32, 2922796.0
1477950450.37, 2922796.0
1477950450.42, 2922796.0
1477950450.47, 2922796.0
1477950450.52, 2922796.0
1477950450.57, 2922796.0
1477950450.62, 2922796.0
1477950450.68, 2922796.0
1477950450.73, 2922796.0
1477950450.78, 2922796.0
1477950450.83, 2922796.0
1477950450.88, 2924310.0
1477950450.93, 2924310.0
1477950450.98, 2924310.0
1477950451.03, 2924310.0
1477950451.08, 2924310.0
1477950451.13, 2924310.0
1477950451.18, 2924310.0
1477950451.23, 2924310.0
1477950451.28, 2924310.0
1477950451.33, 2924310.0
1477950451.38, 2924310.0
1477950451.43, 2924310.0
1477950451.48, 2924310.0
1477950451.53, 2924310.0
1477950451.58, 2924310.0
1477950451.63, 2924310.0
1477950451.68, 2924310.0
1477950451.73, 2924310.0
1477950451.78, 2924310.0
1477950451.83, 2924310.0
1477950451.88, 2924310.0
1477950451.93, 2924310.0
1477950451.98, 2924310.0
1477950452.03, 2924310.0
1477950452.08, 2924310.0
1477950452.13, 2924310.0
1477950452.18, 2924310.0
1477950452.23, 2924310.0
1477950452.28, 2924310.0
1477950452.33, 2924310.0
1477950452.38, 2924310.0
1477950452.43, 2924310.0
1477950452.49, 2924310.0
1477950452.54, 2924310.0
1477950452.59, 2924310.0
1477950452.64, 2924310.0
1477950452.69, 2924310.0
1477950452.74, 2924310.0
1477950452.79, 2924310.0
1477950452.84, 2924310.0
1477950452.89, 2924310.0
1477950452.94, 2924310.0
1477950452.99, 2925824.0
1477950453.04, 2925824.0
1477950453.09, 2925824.0
1477950453.14, 2928852.0
1477950453.19, 2928852.0
1477950453.24, 2928852.0
1477950453.29, 2928852.0
1477950453.34, 2928852.0
1477950453.39, 2928852.0
1477950453.44, 2928852.0
1477950453.49, 2928852.0
1477950453.54, 2928852.0
1477950453.59, 2928852.0
1477950453.64, 2928852.0
1477950453.69, 2928852.0
1477950453.74, 2928852.0
1477950453.79, 2928852.0
1477950453.84, 2928852.0
1477950453.89, 2928852.0
1477950453.94, 2928852.0
1477950453.99, 2928852.0
1477950454.04, 2928852.0
1477950454.09, 2928852.0
1477950454.14, 2930366.0
1477950454.2, 2930366.0
1477950454.25, 2930366.0
1477950454.3, 2933394.0
1477950454.35, 2933394.0
1477950454.4, 2933394.0
1477950454.45, 2933394.0
1477950454.5, 2933394.0
1477950454.55, 2933394.0
1477950454.6, 2933394.0
1477950454.65, 2933394.0
1477950454.7, 2933394.0
1477950454.75, 2933394.0
1477950454.8, 2933394.0
1477950454.85, 2933394.0
1477950454.9, 2933394.0
1477950454.95, 2933394.0
1477950455.0, 2933394.0
1477950455.05, 2933394.0
1477950455.1, 2933394.0
1477950455.15, 2933394.0
1477950455.2, 2933394.0
1477950455.25, 2933394.0
1477950455.3, 2933394.0
1477950455.35, 2934908.0
1477950455.4, 2934908.0
1477950455.45, 2937936.0
1477950455.5, 2937936.0
1477950455.55, 2937936.0
1477950455.6, 2937936.0
1477950455.65, 2937936.0
1477950455.7, 2937936.0
1477950455.75, 2937936.0
1477950455.8, 2937936.0
1477950455.85, 2937936.0
1477950455.91, 2937936.0
1477950455.96, 2937936.0
1477950456.01, 2937936.0
1477950456.06, 2937936.0
1477950456.11, 2937936.0
1477950456.16, 2937936.0
1477950456.21, 2937936.0
1477950456.26, 2937936.0
1477950456.31, 2937936.0
1477950456.36, 2937936.0
1477950456.41, 2937936.0
1477950456.46, 2937936.0
1477950456.51, 2939450.0
1477950456.56, 2939450.0
1477950456.61, 2939450.0
1477950456.66, 2942478.0
1477950456.71, 2942478.0
1477950456.76, 2942478.0
1477950456.81, 2942478.0
1477950456.86, 2942478.0
1477950456.91, 2942478.0
1477950456.96, 2942478.0
1477950457.01, 2942478.0
1477950457.06, 2942478.0
1477950457.11, 2942478.0
1477950457.16, 2942478.0
1477950457.22, 2942478.0
1477950457.27, 2942478.0
1477950457.32, 2942478.0
1477950457.37, 2942478.0
1477950457.42, 2942478.0
1477950457.47, 2942478.0
1477950457.52, 2942478.0
1477950457.57, 2942478.0
1477950457.62, 2942478.0
1477950457.67, 2943992.0
1477950457.72, 2943992.0
1477950457.77, 2943992.0
1477950457.82, 2947020.0
1477950457.87, 2947020.0
1477950457.92, 2947020.0
1477950457.97, 2947020.0
1477950458.02, 2947020.0
1477950458.07, 2947020.0
1477950458.12, 2947020.0
1477950458.17, 2947020.0
1477950458.22, 2947020.0
1477950458.27, 2947020.0
1477950458.32, 2947020.0
1477950458.37, 2947020.0
1477950458.42, 2947020.0
1477950458.47, 2947020.0
1477950458.52, 2947020.0
1477950458.57, 2947020.0
1477950458.62, 2947020.0
1477950458.67, 2947020.0
1477950458.72, 2947020.0
1477950458.77, 2947020.0
1477950458.82, 2947020.0
1477950458.87, 2948534.0
1477950458.92, 2948534.0
1477950458.97, 2948534.0
1477950459.02, 2948534.0
1477950459.07, 2948534.0
1477950459.13, 2948534.0
1477950459.18, 2948534.0
1477950459.23, 2948534.0
1477950459.28, 2948534.0
1477950459.33, 2948534.0
1477950459.38, 2948534.0
1477950459.43, 2948534.0
1477950459.48, 2948534.0
1477950459.53, 2948534.0
1477950459.58, 2948534.0
1477950459.63, 2948534.0
1477950459.68, 2948534.0
1477950459.73, 2948534.0
1477950459.78, 2948534.0
1477950459.83, 2948534.0
1477950459.88, 2948534.0
1477950459.93, 2948534.0
1477950459.98, 2948534.0
1477950460.03, 2948534.0
1477950460.08, 2948534.0
1477950460.13, 2948534.0
1477950460.18, 2948534.0
1477950460.23, 2948534.0
1477950460.28, 2948534.0
1477950460.33, 2948534.0
1477950460.38, 2948534.0
1477950460.43, 2948534.0
1477950460.48, 2948534.0
1477950460.53, 2948534.0
1477950460.58, 2948534.0
1477950460.63, 2948534.0
1477950460.68, 2948534.0
1477950460.73, 2948534.0
1477950460.78, 2948534.0
1477950460.83, 2948534.0
1477950460.88, 2948534.0
1477950460.93, 2948534.0
1477950460.98, 2950048.0
1477950461.03, 2950048.0
1477950461.08, 2950048.0
1477950461.13, 2950048.0
1477950461.18, 2950048.0
1477950461.23, 2950048.0
1477950461.28, 2950048.0
1477950461.33, 2950048.0
1477950461.39, 2950048.0
1477950461.44, 2950048.0
1477950461.49, 2950048.0
1477950461.54, 2950048.0
1477950461.59, 2950048.0
1477950461.64, 2950048.0
1477950461.69, 2950048.0
1477950461.74, 2950048.0
1477950461.79, 2950048.0
1477950461.84, 2950048.0
1477950461.89, 2950048.0
1477950461.94, 2950048.0
1477950461.99, 2950048.0
1477950462.04, 2950048.0
1477950462.09, 2950048.0
1477950462.14, 2950048.0
1477950462.19, 2950048.0
1477950462.24, 2950048.0
1477950462.29, 2950048.0
1477950462.34, 2950048.0
1477950462.39, 2950048.0
1477950462.44, 2950048.0
1477950462.49, 2950048.0
1477950462.54, 2950048.0
1477950462.59, 2950048.0
1477950462.64, 2950048.0
1477950462.69, 2950048.0
1477950462.74, 2950048.0
1477950462.79, 2950048.0
1477950462.84, 2950048.0
1477950462.89, 2950048.0
1477950462.95, 2950048.0
1477950463.0, 2950048.0
1477950463.05, 2950048.0
1477950463.1, 2950048.0
1477950463.15, 2950048.0
1477950463.2, 2950048.0
1477950463.25, 2950048.0
1477950463.3, 2950048.0
1477950463.35, 2950048.0
1477950463.4, 2950048.0
1477950463.45, 2950048.0
1477950463.5, 2950048.0
1477950463.55, 2950048.0
1477950463.6, 2950048.0
1477950463.65, 2950048.0
1477950463.7, 2950048.0
1477950463.75, 2950048.0
1477950463.8, 2950048.0
1477950463.85, 2950048.0
1477950463.9, 2950048.0
1477950463.95, 2950048.0
1477950464.0, 2950048.0
1477950464.05, 2950048.0
1477950464.1, 2950048.0
1477950464.15, 2950048.0
1477950464.2, 2950048.0
1477950464.25, 2950048.0
1477950464.3, 2950048.0
1477950464.35, 2950048.0
1477950464.4, 2950048.0
1477950464.45, 2950048.0
1477950464.5, 2950048.0
1477950464.55, 2950048.0
1477950464.6, 2950048.0
1477950464.65, 2950048.0
1477950464.7, 2950048.0
1477950464.75, 2950048.0
1477950464.81, 2950048.0
1477950464.86, 2950048.0
1477950464.91, 2950048.0
1477950464.96, 2950048.0
1477950465.01, 2950048.0
1477950465.06, 2950048.0
1477950465.11, 2950048.0
1477950465.16, 2951562.0
1477950465.21, 2951562.0
1477950465.26, 2954590.0
1477950465.31, 2954590.0
1477950465.36, 2954590.0
1477950465.41, 2954590.0
1477950465.46, 2954590.0
1477950465.51, 2954590.0
1477950465.56, 2954590.0
1477950465.61, 2954590.0
1477950465.66, 2954590.0
1477950465.71, 2954590.0
1477950465.76, 2954590.0
1477950465.81, 2954590.0
1477950465.86, 2954590.0
1477950465.91, 2954590.0
1477950465.96, 2954590.0
1477950466.01, 2954590.0
1477950466.06, 2954590.0
1477950466.11, 2954590.0
1477950466.16, 2954590.0
1477950466.21, 2954590.0
1477950466.26, 2954590.0
1477950466.31, 2956104.0
1477950466.36, 2956104.0
1477950466.41, 2956104.0
1477950466.46, 2956104.0
1477950466.51, 2956104.0
1477950466.56, 2956104.0
1477950466.61, 2956104.0
1477950466.66, 2956104.0
1477950466.71, 2956104.0
1477950466.76, 2956104.0
1477950466.81, 2956104.0
1477950466.86, 2956104.0
1477950466.91, 2956104.0
1477950466.97, 2956104.0
1477950467.02, 2956104.0
1477950467.07, 2956104.0
1477950467.12, 2956104.0
1477950467.17, 2956104.0
1477950467.22, 2956104.0
1477950467.27, 2956104.0
1477950467.32, 2956104.0
1477950467.37, 2956104.0
1477950467.42, 2956104.0
1477950467.47, 2956104.0
1477950467.52, 2956104.0
1477950467.57, 2956104.0
1477950467.62, 2956104.0
1477950467.67, 2956104.0
1477950467.72, 2956104.0
1477950467.77, 2956104.0
1477950467.82, 2956104.0
1477950467.87, 2956104.0
1477950467.92, 2956104.0
1477950467.97, 2956104.0
1477950468.03, 2956104.0
1477950468.08, 2956104.0
1477950468.13, 2956104.0
1477950468.18, 2956104.0
1477950468.23, 2956104.0
1477950468.28, 2956104.0
1477950468.33, 2956104.0
1477950468.38, 2957618.0
1477950468.43, 2957618.0
1477950468.48, 2957618.0
1477950468.53, 2960646.0
1477950468.58, 2960646.0
1477950468.63, 2960646.0
1477950468.68, 2960646.0
1477950468.73, 2960646.0
1477950468.78, 2960646.0
1477950468.84, 2960646.0
1477950468.89, 2960646.0
1477950468.94, 2960646.0
1477950468.99, 2960646.0
1477950469.04, 2960646.0
1477950469.09, 2960646.0
1477950469.14, 2960646.0
1477950469.19, 2960646.0
1477950469.24, 2960646.0
1477950469.29, 2960646.0
1477950469.34, 2960646.0
