1477950437.99, 24721.0
1477950438.1, 24721.0
1477950438.24, 24721.0
1477950438.33, 24721.0
1477950438.45, 24721.0
1477950438.55, 24721.0
1477950438.67, 24721.0
1477950438.79, 24721.0
1477950438.91, 24721.0
1477950439.02, 24721.0
1477950439.13, 24721.0
1477950439.24, 24805.0
1477950439.36, 26497.0
1477950439.41, 29545.0
1477950439.46, 32551.0
1477950439.52, 35718.0
1477950439.57, 41688.0
1477950439.62, 50622.0
1477950439.67, 56634.0
1477950439.72, 67218.0
1477950439.77, 74754.0
1477950439.82, 86610.0
1477950439.87, 95544.0
1477950439.92, 105960.0
1477950439.97, 114894.0
1477950440.02, 123828.0
1477950440.07, 134286.0
1477950440.12, 143220.0
1477950440.17, 152238.0
1477950440.23, 162780.0
1477950440.28, 170232.0
1477950440.33, 180774.0
1477950440.38, 191274.0
1477950440.43, 200250.0
1477950440.48, 209268.0
1477950440.53, 219726.0
1477950440.58, 228660.0
1477950440.63, 237594.0
1477950440.68, 248094.0
1477950440.73, 256986.0
1477950440.78, 264396.0
1477950440.83, 274854.0
1477950440.88, 277818.0
1477950440.93, 286710.0
1477950440.98, 294120.0
1477950441.03, 300048.0
1477950441.08, 308982.0
1477950441.13, 317874.0
1477950441.18, 323802.0
1477950441.23, 332694.0
1477950441.29, 341628.0
1477950441.34, 350520.0
1477950441.39, 359412.0
1477950441.44, 369786.0
1477950441.5, 381642.0
1477950441.55, 390576.0
1477950441.6, 399468.0
1477950441.65, 409842.0
1477950441.7, 418734.0
1477950441.75, 429108.0
1477950441.8, 438000.0
1477950441.85, 446892.0
1477950441.9, 457266.0
1477950441.95, 466158.0
1477950442.0, 475050.0
1477950442.05, 485424.0
1477950442.1, 494316.0
1477950442.15, 503208.0
1477950442.2, 513582.0
1477950442.25, 522474.0
1477950442.3, 532848.0
1477950442.35, 541740.0
1477950442.41, 552114.0
1477950442.46, 559524.0
1477950442.51, 568416.0
1477950442.56, 578790.0
1477950442.61, 584718.0
1477950442.66, 595092.0
1477950442.71, 603984.0
1477950442.76, 612876.0
1477950442.81, 623250.0
1477950442.86, 632142.0
1477950442.91, 642516.0
1477950442.96, 651408.0
1477950443.02, 661782.0
1477950443.07, 670674.0
1477950443.12, 679566.0
1477950443.17, 689940.0
1477950443.22, 698832.0
1477950443.27, 709206.0
1477950443.33, 719580.0
1477950443.38, 728472.0
1477950443.43, 738846.0
1477950443.48, 747738.0
1477950443.53, 756630.0
1477950443.58, 767004.0
1477950443.63, 775896.0
1477950443.68, 786270.0
1477950443.73, 795162.0
1477950443.78, 804054.0
1477950443.83, 814428.0
1477950443.88, 823320.0
1477950443.93, 832212.0
1477950443.98, 842586.0
1477950444.03, 851478.0
1477950444.08, 861852.0
1477950444.13, 870744.0
1477950444.18, 881118.0
1477950444.23, 890010.0
1477950444.28, 898902.0
1477950444.33, 909276.0
1477950444.38, 918168.0
1477950444.44, 927060.0
1477950444.49, 937434.0
1477950444.54, 946326.0
1477950444.59, 955218.0
1477950444.64, 965592.0
1477950444.69, 974484.0
1477950444.74, 983376.0
1477950444.79, 993750.0
1477950444.84, 1002642.0
1477950444.89, 1011534.0
1477950444.94, 1021908.0
1477950444.99, 1030800.0
1477950445.04, 1039692.0
1477950445.09, 1050066.0
1477950445.14, 1058958.0
1477950445.19, 1069332.0
1477950445.24, 1078224.0
1477950445.29, 1087116.0
1477950445.34, 1097490.0
1477950445.39, 1106382.0
1477950445.44, 1115274.0
1477950445.49, 1125648.0
1477950445.54, 1134540.0
1477950445.59, 1144914.0
1477950445.64, 1153806.0
1477950445.69, 1162698.0
1477950445.74, 1173072.0
1477950445.79, 1181964.0
1477950445.84, 1190856.0
1477950445.89, 1201230.0
1477950445.94, 1210122.0
1477950445.99, 1219014.0
1477950446.04, 1229388.0
1477950446.09, 1238280.0
1477950446.14, 1247172.0
1477950446.19, 1257546.0
1477950446.24, 1266438.0
1477950446.29, 1275330.0
1477950446.34, 1285704.0
1477950446.39, 1294596.0
1477950446.44, 1304970.0
1477950446.5, 1313862.0
1477950446.55, 1322754.0
1477950446.6, 1333128.0
1477950446.65, 1342020.0
1477950446.7, 1350912.0
1477950446.75, 1361286.0
1477950446.8, 1370178.0
1477950446.85, 1379070.0
1477950446.9, 1389444.0
1477950446.95, 1398336.0
1477950447.0, 1408710.0
1477950447.05, 1417602.0
1477950447.1, 1426494.0
1477950447.15, 1436868.0
1477950447.2, 1445802.0
1477950447.25, 1454694.0
1477950447.3, 1465068.0
1477950447.35, 1473960.0
1477950447.4, 1484334.0
1477950447.45, 1493226.0
1477950447.5, 1502118.0
1477950447.55, 1512492.0
1477950447.6, 1521384.0
1477950447.65, 1530276.0
1477950447.7, 1540650.0
1477950447.75, 1549542.0
1477950447.8, 1558476.0
1477950447.85, 1568850.0
1477950447.9, 1577742.0
1477950447.95, 1586634.0
1477950448.0, 1597008.0
1477950448.05, 1605900.0
1477950448.1, 1614792.0
1477950448.16, 1625166.0
1477950448.21, 1634058.0
1477950448.26, 1644432.0
1477950448.31, 1653366.0
1477950448.36, 1662258.0
1477950448.41, 1672632.0
1477950448.46, 1681524.0
1477950448.51, 1690416.0
1477950448.56, 1700790.0
1477950448.61, 1709682.0
1477950448.66, 1720056.0
1477950448.71, 1728948.0
1477950448.76, 1737840.0
1477950448.81, 1748214.0
1477950448.86, 1757106.0
1477950448.91, 1765998.0
1477950448.96, 1776372.0
1477950449.01, 1785264.0
1477950449.06, 1795638.0
1477950449.11, 1804530.0
1477950449.16, 1813422.0
1477950449.21, 1823796.0
1477950449.26, 1832730.0
1477950449.31, 1841622.0
1477950449.36, 1851996.0
1477950449.41, 1860888.0
1477950449.47, 1869780.0
1477950449.52, 1880154.0
1477950449.57, 1889046.0
1477950449.62, 1899420.0
1477950449.67, 1908312.0
1477950449.72, 1917204.0
1477950449.77, 1927578.0
1477950449.82, 1936470.0
1477950449.87, 1943880.0
1477950449.92, 1954254.0
1477950449.97, 1964628.0
1477950450.02, 1973520.0
1477950450.07, 1982412.0
1477950450.12, 1992786.0
1477950450.17, 2001678.0
1477950450.22, 2010570.0
1477950450.27, 2020944.0
1477950450.32, 2029836.0
1477950450.37, 2038728.0
1477950450.42, 2049102.0
1477950450.47, 2057994.0
1477950450.52, 2066886.0
1477950450.57, 2077260.0
1477950450.62, 2086152.0
1477950450.68, 2096526.0
1477950450.73, 2105418.0
1477950450.78, 2114310.0
1477950450.83, 2124684.0
1477950450.88, 2133576.0
1477950450.93, 2142468.0
1477950450.98, 2152842.0
1477950451.03, 2161734.0
1477950451.08, 2170626.0
1477950451.13, 2181000.0
1477950451.18, 2189892.0
1477950451.23, 2198784.0
1477950451.28, 2209158.0
1477950451.33, 2218050.0
1477950451.38, 2228424.0
1477950451.43, 2237316.0
1477950451.48, 2246208.0
1477950451.53, 2256582.0
1477950451.58, 2265474.0
1477950451.63, 2274366.0
1477950451.68, 2284740.0
1477950451.73, 2293632.0
1477950451.78, 2304006.0
1477950451.83, 2312898.0
1477950451.88, 2321790.0
1477950451.93, 2332164.0
1477950451.98, 2341056.0
1477950452.03, 2349948.0
1477950452.08, 2360322.0
1477950452.13, 2369214.0
1477950452.18, 2378106.0
1477950452.23, 2388480.0
1477950452.28, 2397372.0
1477950452.33, 2406264.0
1477950452.38, 2416638.0
1477950452.43, 2425530.0
1477950452.49, 2435904.0
1477950452.54, 2444796.0
1477950452.59, 2453688.0
1477950452.64, 2464062.0
1477950452.69, 2472954.0
1477950452.74, 2481846.0
1477950452.79, 2492220.0
1477950452.84, 2501112.0
1477950452.89, 2511486.0
1477950452.94, 2520378.0
1477950452.99, 2529270.0
1477950453.04, 2539644.0
1477950453.09, 2547054.0
1477950453.14, 2555946.0
1477950453.19, 2566320.0
1477950453.24, 2575415.0
1477950453.29, 2584307.0
1477950453.34, 2594681.0
1477950453.39, 2603573.0
1477950453.44, 2612465.0
1477950453.49, 2622839.0
1477950453.54, 2631731.0
1477950453.59, 2640623.0
1477950453.64, 2650997.0
1477950453.69, 2659889.0
1477950453.74, 2670263.0
1477950453.79, 2679155.0
1477950453.84, 2688047.0
1477950453.89, 2698421.0
1477950453.94, 2707313.0
1477950453.99, 2716205.0
1477950454.04, 2726579.0
1477950454.09, 2735471.0
1477950454.14, 2745845.0
1477950454.2, 2754737.0
1477950454.25, 2763629.0
1477950454.3, 2772521.0
1477950454.35, 2781413.0
1477950454.4, 2790305.0
1477950454.45, 2800679.0
1477950454.5, 2809571.0
1477950454.55, 2818463.0
1477950454.6, 2828837.0
1477950454.65, 2837729.0
1477950454.7, 2846621.0
1477950454.75, 2856995.0
1477950454.8, 2865887.0
1477950454.85, 2876261.0
1477950454.9, 2885153.0
1477950454.95, 2894045.0
1477950455.0, 2904419.0
1477950455.05, 2913311.0
1477950455.1, 2922203.0
1477950455.15, 2932577.0
1477950455.2, 2941469.0
1477950455.25, 2951843.0
1477950455.3, 2960735.0
1477950455.35, 2969627.0
1477950455.4, 2980001.0
1477950455.45, 2987411.0
1477950455.5, 2996506.0
1477950455.55, 3006880.0
1477950455.6, 3015772.0
1477950455.65, 3024664.0
1477950455.7, 3035038.0
1477950455.75, 3043930.0
1477950455.8, 3052822.0
1477950455.85, 3063196.0
1477950455.91, 3072088.0
1477950455.96, 3080980.0
1477950456.01, 3091396.0
1477950456.06, 3100288.0
1477950456.11, 3110662.0
1477950456.16, 3119554.0
1477950456.21, 3128446.0
1477950456.26, 3138820.0
1477950456.31, 3147712.0
1477950456.36, 3158086.0
1477950456.41, 3166978.0
1477950456.46, 3175870.0
1477950456.51, 3186244.0
1477950456.56, 3195136.0
1477950456.61, 3204028.0
1477950456.66, 3212920.0
1477950456.71, 3221812.0
1477950456.76, 3230704.0
1477950456.81, 3241078.0
1477950456.86, 3249970.0
1477950456.91, 3260344.0
1477950456.96, 3269236.0
1477950457.01, 3278128.0
1477950457.06, 3288502.0
1477950457.11, 3297394.0
1477950457.16, 3306286.0
1477950457.22, 3316660.0
1477950457.27, 3325552.0
1477950457.32, 3335926.0
1477950457.37, 3344818.0
1477950457.42, 3353710.0
1477950457.47, 3364084.0
1477950457.52, 3372976.0
1477950457.57, 3381868.0
1477950457.62, 3392242.0
1477950457.67, 3401134.0
1477950457.72, 3411508.0
1477950457.77, 3420400.0
1477950457.82, 3427810.0
1477950457.87, 3438184.0
1477950457.92, 3447076.0
1477950457.97, 3455968.0
1477950458.02, 3466342.0
1477950458.07, 3475234.0
1477950458.12, 3484126.0
1477950458.17, 3494500.0
1477950458.22, 3503392.0
1477950458.27, 3512284.0
1477950458.32, 3522658.0
1477950458.37, 3531550.0
1477950458.42, 3540442.0
1477950458.47, 3550816.0
1477950458.52, 3559708.0
1477950458.57, 3568600.0
1477950458.62, 3578974.0
1477950458.67, 3587866.0
1477950458.72, 3596758.0
1477950458.77, 3607132.0
1477950458.82, 3616024.0
1477950458.87, 3626398.0
1477950458.92, 3635290.0
1477950458.97, 3644182.0
1477950459.02, 3654556.0
1477950459.07, 3663448.0
1477950459.13, 3672340.0
1477950459.18, 3682714.0
1477950459.23, 3691606.0
1477950459.28, 3700498.0
1477950459.33, 3710872.0
1477950459.38, 3719764.0
1477950459.43, 3730138.0
1477950459.48, 3739030.0
1477950459.53, 3747922.0
1477950459.58, 3758296.0
1477950459.63, 3767188.0
1477950459.68, 3776080.0
1477950459.73, 3786454.0
1477950459.78, 3795346.0
1477950459.83, 3804238.0
1477950459.88, 3814612.0
1477950459.93, 3823504.0
1477950459.98, 3832396.0
1477950460.03, 3842770.0
1477950460.08, 3851662.0
1477950460.13, 3860554.0
1477950460.18, 3870928.0
1477950460.23, 3879820.0
1477950460.28, 3890194.0
1477950460.33, 3899086.0
1477950460.38, 3907978.0
1477950460.43, 3918352.0
1477950460.48, 3927244.0
1477950460.53, 3936136.0
1477950460.58, 3946510.0
1477950460.63, 3955402.0
1477950460.68, 3964294.0
1477950460.73, 3974668.0
1477950460.78, 3983560.0
1477950460.83, 3992452.0
1477950460.88, 4002826.0
1477950460.93, 4011718.0
1477950460.98, 4020610.0
1477950461.03, 4030984.0
1477950461.08, 4039876.0
1477950461.13, 4050250.0
1477950461.18, 4059142.0
1477950461.23, 4068034.0
1477950461.28, 4078408.0
1477950461.33, 4087300.0
1477950461.39, 4096192.0
1477950461.44, 4106566.0
1477950461.49, 4115458.0
1477950461.54, 4124350.0
1477950461.59, 4134724.0
1477950461.64, 4143616.0
1477950461.69, 4153990.0
1477950461.74, 4162882.0
1477950461.79, 4171774.0
1477950461.84, 4182148.0
1477950461.89, 4191040.0
1477950461.94, 4199932.0
1477950461.99, 4210306.0
1477950462.04, 4219198.0
1477950462.09, 4229572.0
1477950462.14, 4238464.0
1477950462.19, 4247356.0
1477950462.24, 4257730.0
1477950462.29, 4266622.0
1477950462.34, 4275514.0
1477950462.39, 4285888.0
1477950462.44, 4294780.0
1477950462.49, 4303672.0
1477950462.54, 4314046.0
1477950462.59, 4322938.0
1477950462.64, 4333312.0
1477950462.69, 4342204.0
1477950462.74, 4351096.0
1477950462.79, 4361470.0
1477950462.84, 4370362.0
1477950462.89, 4379254.0
1477950462.95, 4389628.0
1477950463.0, 4398520.0
1477950463.05, 4407412.0
1477950463.1, 4417786.0
1477950463.15, 4426678.0
1477950463.2, 4435570.0
1477950463.25, 4445944.0
1477950463.3, 4454836.0
1477950463.35, 4465210.0
1477950463.4, 4474102.0
1477950463.45, 4482994.0
1477950463.5, 4493368.0
1477950463.55, 4502260.0
1477950463.6, 4511152.0
1477950463.65, 4521526.0
1477950463.7, 4530418.0
1477950463.75, 4539310.0
1477950463.8, 4549684.0
1477950463.85, 4558576.0
1477950463.9, 4568950.0
1477950463.95, 4577842.0
1477950464.0, 4586734.0
1477950464.05, 4597108.0
1477950464.1, 4606000.0
1477950464.15, 4614892.0
1477950464.2, 4625266.0
1477950464.25, 4634158.0
1477950464.3, 4643050.0
1477950464.35, 4653424.0
1477950464.4, 4662316.0
1477950464.45, 4671208.0
1477950464.5, 4681582.0
1477950464.55, 4690474.0
1477950464.6, 4700848.0
1477950464.65, 4709740.0
1477950464.7, 4718632.0
1477950464.75, 4729006.0
1477950464.81, 4737898.0
1477950464.86, 4746790.0
1477950464.91, 4757164.0
1477950464.96, 4766056.0
1477950465.01, 4774948.0
1477950465.06, 4785322.0
1477950465.11, 4794214.0
1477950465.16, 4803106.0
1477950465.21, 4813480.0
1477950465.26, 4820890.0
1477950465.31, 4831264.0
1477950465.36, 4840156.0
1477950465.41, 4849048.0
1477950465.46, 4859422.0
1477950465.51, 4868314.0
1477950465.56, 4877206.0
1477950465.61, 4887580.0
1477950465.66, 4896472.0
1477950465.71, 4905364.0
1477950465.76, 4915738.0
1477950465.81, 4924630.0
1477950465.86, 4933522.0
1477950465.91, 4943896.0
1477950465.96, 4952788.0
1477950466.01, 4963162.0
1477950466.06, 4972054.0
1477950466.11, 4980946.0
1477950466.16, 4991320.0
1477950466.21, 5000212.0
1477950466.26, 5009104.0
1477950466.31, 5019478.0
1477950466.36, 5028370.0
1477950466.41, 5037262.0
1477950466.46, 5047636.0
1477950466.51, 5056528.0
1477950466.56, 5065420.0
1477950466.61, 5075794.0
1477950466.66, 5084686.0
1477950466.71, 5093578.0
1477950466.76, 5103952.0
1477950466.81, 5112844.0
1477950466.86, 5121736.0
1477950466.91, 5132110.0
1477950466.97, 5141002.0
1477950467.02, 5151376.0
1477950467.07, 5160268.0
1477950467.12, 5169160.0
1477950467.17, 5179534.0
1477950467.22, 5188426.0
1477950467.27, 5198800.0
1477950467.32, 5207692.0
1477950467.37, 5216584.0
1477950467.42, 5226958.0
1477950467.47, 5235850.0
1477950467.52, 5244742.0
1477950467.57, 5255116.0
1477950467.62, 5264008.0
1477950467.67, 5272900.0
1477950467.72, 5283274.0
1477950467.77, 5292166.0
1477950467.82, 5302540.0
1477950467.87, 5311432.0
1477950467.92, 5321806.0
1477950467.97, 5330698.0
1477950468.03, 5339590.0
1477950468.08, 5349964.0
1477950468.13, 5358856.0
1477950468.18, 5369230.0
1477950468.23, 5378122.0
1477950468.28, 5387014.0
1477950468.33, 5397388.0
1477950468.38, 5406280.0
1477950468.43, 5415172.0
1477950468.48, 5425546.0
1477950468.53, 5432956.0
1477950468.58, 5443330.0
1477950468.63, 5452222.0
1477950468.68, 5461114.0
1477950468.73, 5471488.0
1477950468.78, 5480380.0
1477950468.84, 5490754.0
1477950468.89, 5499646.0
1477950468.94, 5510020.0
1477950468.99, 5518912.0
1477950469.04, 5527804.0
1477950469.09, 5538178.0
1477950469.14, 5547070.0
1477950469.19, 5557444.0
1477950469.24, 5566336.0
1477950469.29, 5575228.0
1477950469.34, 5585602.0
