1477950382.85, 1204.0
1477950383.0, 1215.0
1477950383.12, 1225.0
1477950383.22, 1234.0
1477950383.33, 1243.0
1477950383.43, 1255.0
1477950383.53, 1263.0
1477950383.63, 1272.0
1477950383.72, 1277.0
1477950383.8, 1286.0
1477950383.92, 1296.0
1477950384.04, 1307.0
1477950384.1, 1314.0
1477950384.15, 1320.0
1477950384.2, 1327.0
1477950384.25, 1333.0
1477950384.3, 1339.0
1477950384.35, 1341.0
1477950384.4, 1346.0
1477950384.45, 1348.0
1477950384.5, 1350.0
1477950384.55, 1352.0
1477950384.6, 1353.0
1477950384.65, 1359.0
1477950384.7, 1365.0
1477950384.75, 1366.0
1477950384.8, 1367.0
1477950384.85, 1367.0
1477950384.9, 1367.0
1477950384.95, 1369.0
1477950385.0, 1370.0
1477950385.06, 1371.0
1477950385.11, 1371.0
1477950385.16, 1374.0
1477950385.21, 1376.0
1477950385.26, 1384.0
1477950385.31, 1387.0
1477950385.36, 1391.0
1477950385.41, 1391.0
1477950385.46, 1391.0
1477950385.51, 1392.0
1477950385.56, 1393.0
1477950385.61, 1393.0
1477950385.66, 1393.0
1477950385.71, 1394.0
1477950385.76, 1397.0
1477950385.81, 1399.0
1477950385.86, 1401.0
1477950385.91, 1402.0
1477950385.96, 1404.0
1477950386.01, 1406.0
1477950386.06, 1407.0
1477950386.11, 1408.0
1477950386.16, 1408.0
1477950386.22, 1409.0
1477950386.27, 1409.0
1477950386.32, 1409.0
1477950386.37, 1411.0
1477950386.42, 1411.0
1477950386.47, 1411.0
1477950386.52, 1412.0
1477950386.57, 1412.0
1477950386.62, 1412.0
1477950386.67, 1413.0
1477950386.72, 1413.0
1477950386.77, 1413.0
1477950386.82, 1413.0
1477950386.87, 1413.0
1477950386.92, 1413.0
1477950386.97, 1413.0
1477950387.02, 1413.0
1477950387.07, 1413.0
1477950387.12, 1414.0
1477950387.17, 1414.0
1477950387.22, 1414.0
1477950387.27, 1415.0
1477950387.32, 1415.0
1477950387.37, 1415.0
1477950387.42, 1415.0
1477950387.47, 1415.0
1477950387.53, 1415.0
1477950387.58, 1415.0
1477950387.63, 1415.0
1477950387.68, 1415.0
1477950387.73, 1415.0
1477950387.78, 1415.0
1477950387.83, 1415.0
1477950387.88, 1415.0
1477950387.93, 1415.0
1477950387.98, 1415.0
1477950388.03, 1415.0
1477950388.08, 1415.0
1477950388.13, 1415.0
1477950388.18, 1415.0
1477950388.23, 1415.0
1477950388.28, 1415.0
1477950388.33, 1415.0
1477950388.38, 1415.0
1477950388.43, 1416.0
1477950388.48, 1416.0
1477950388.53, 1416.0
1477950388.58, 1416.0
1477950388.63, 1416.0
1477950388.68, 1416.0
1477950388.73, 1416.0
1477950388.78, 1416.0
1477950388.83, 1416.0
1477950388.88, 1416.0
1477950388.93, 1416.0
1477950388.98, 1416.0
1477950389.03, 1416.0
1477950389.08, 1416.0
1477950389.13, 1416.0
1477950389.18, 1416.0
1477950389.23, 1416.0
1477950389.28, 1416.0
1477950389.33, 1416.0
1477950389.38, 1416.0
1477950389.43, 1416.0
1477950389.48, 1416.0
1477950389.53, 1416.0
1477950389.58, 1416.0
1477950389.63, 1416.0
1477950389.68, 1416.0
1477950389.73, 1416.0
1477950389.78, 1416.0
1477950389.84, 1416.0
1477950389.89, 1416.0
1477950389.94, 1416.0
1477950389.99, 1416.0
1477950390.04, 1416.0
1477950390.09, 1416.0
1477950390.14, 1416.0
1477950390.19, 1416.0
1477950390.24, 1416.0
1477950390.29, 1416.0
1477950390.34, 1416.0
1477950390.39, 1416.0
1477950390.44, 1416.0
1477950390.49, 1416.0
1477950390.54, 1416.0
1477950390.59, 1416.0
1477950390.64, 1416.0
1477950390.69, 1416.0
1477950390.74, 1416.0
1477950390.79, 1416.0
1477950390.84, 1416.0
1477950390.89, 1416.0
1477950390.94, 1416.0
1477950390.99, 1416.0
1477950391.04, 1416.0
1477950391.09, 1416.0
1477950391.14, 1416.0
1477950391.19, 1416.0
1477950391.24, 1416.0
1477950391.29, 1416.0
1477950391.34, 1416.0
1477950391.39, 1416.0
1477950391.44, 1416.0
1477950391.49, 1416.0
1477950391.55, 1416.0
1477950391.6, 1416.0
1477950391.65, 1417.0
1477950391.7, 1417.0
1477950391.75, 1417.0
1477950391.8, 1417.0
1477950391.85, 1417.0
1477950391.9, 1417.0
1477950391.95, 1417.0
1477950392.0, 1417.0
1477950392.05, 1417.0
1477950392.1, 1417.0
1477950392.15, 1417.0
1477950392.2, 1417.0
1477950392.25, 1417.0
1477950392.3, 1417.0
1477950392.35, 1417.0
1477950392.4, 1417.0
1477950392.45, 1417.0
1477950392.5, 1417.0
1477950392.55, 1417.0
1477950392.6, 1417.0
1477950392.65, 1417.0
1477950392.7, 1417.0
1477950392.75, 1417.0
1477950392.8, 1417.0
1477950392.85, 1417.0
1477950392.9, 1417.0
1477950392.95, 1417.0
1477950393.0, 1417.0
1477950393.05, 1417.0
1477950393.1, 1417.0
1477950393.15, 1417.0
1477950393.2, 1417.0
1477950393.25, 1417.0
1477950393.3, 1417.0
1477950393.36, 1417.0
1477950393.41, 1417.0
1477950393.46, 1417.0
1477950393.51, 1417.0
1477950393.56, 1417.0
1477950393.61, 1417.0
1477950393.66, 1417.0
1477950393.71, 1417.0
1477950393.76, 1417.0
1477950393.81, 1417.0
1477950393.86, 1417.0
1477950393.91, 1417.0
1477950393.96, 1417.0
1477950394.01, 1417.0
1477950394.06, 1417.0
1477950394.11, 1417.0
1477950394.16, 1417.0
1477950394.21, 1417.0
1477950394.26, 1417.0
1477950394.31, 1417.0
1477950394.36, 1417.0
1477950394.41, 1417.0
1477950394.46, 1417.0
1477950394.51, 1417.0
1477950394.56, 1417.0
1477950394.61, 1417.0
1477950394.66, 1417.0
1477950394.71, 1417.0
1477950394.76, 1417.0
1477950394.81, 1417.0
1477950394.86, 1417.0
1477950394.91, 1417.0
1477950394.96, 1417.0
1477950395.01, 1417.0
1477950395.06, 1417.0
1477950395.11, 1417.0
1477950395.16, 1417.0
1477950395.21, 1417.0
1477950395.26, 1417.0
1477950395.31, 1417.0
1477950395.36, 1417.0
1477950395.41, 1417.0
1477950395.47, 1417.0
1477950395.52, 1417.0
1477950395.57, 1417.0
1477950395.62, 1417.0
1477950395.67, 1417.0
1477950395.72, 1417.0
1477950395.77, 1417.0
1477950395.82, 1417.0
1477950395.87, 1417.0
1477950395.92, 1417.0
1477950395.97, 1417.0
1477950396.02, 1417.0
1477950396.07, 1417.0
1477950396.12, 1417.0
1477950396.17, 1417.0
1477950396.22, 1417.0
1477950396.27, 1417.0
1477950396.32, 1417.0
1477950396.37, 1417.0
1477950396.42, 1417.0
1477950396.47, 1417.0
1477950396.52, 1417.0
1477950396.57, 1417.0
1477950396.62, 1417.0
1477950396.67, 1417.0
1477950396.72, 1417.0
1477950396.77, 1417.0
1477950396.82, 1417.0
1477950396.87, 1417.0
1477950396.92, 1417.0
1477950396.97, 1417.0
1477950397.02, 1417.0
1477950397.07, 1417.0
1477950397.12, 1417.0
1477950397.17, 1417.0
1477950397.22, 1417.0
1477950397.27, 1417.0
1477950397.32, 1417.0
1477950397.37, 1417.0
1477950397.43, 1417.0
1477950397.48, 1417.0
1477950397.53, 1417.0
1477950397.58, 1417.0
1477950397.63, 1417.0
1477950397.68, 1417.0
1477950397.73, 1417.0
1477950397.78, 1417.0
1477950397.83, 1417.0
1477950397.88, 1417.0
1477950397.93, 1417.0
1477950397.98, 1417.0
1477950398.03, 1417.0
1477950398.08, 1417.0
1477950398.13, 1417.0
1477950398.18, 1417.0
1477950398.23, 1417.0
1477950398.28, 1417.0
1477950398.33, 1417.0
1477950398.38, 1417.0
1477950398.43, 1417.0
1477950398.48, 1417.0
1477950398.53, 1417.0
1477950398.58, 1417.0
1477950398.63, 1417.0
1477950398.68, 1417.0
1477950398.73, 1417.0
1477950398.78, 1417.0
1477950398.83, 1417.0
1477950398.88, 1417.0
1477950398.93, 1417.0
1477950398.98, 1418.0
1477950399.03, 1418.0
1477950399.08, 1418.0
1477950399.13, 1418.0
1477950399.18, 1418.0
1477950399.23, 1418.0
1477950399.28, 1418.0
1477950399.34, 1418.0
1477950399.39, 1418.0
1477950399.44, 1419.0
1477950399.49, 1419.0
1477950399.54, 1419.0
1477950399.59, 1419.0
1477950399.64, 1419.0
1477950399.69, 1419.0
1477950399.74, 1419.0
1477950399.79, 1419.0
1477950399.84, 1419.0
1477950399.89, 1419.0
1477950399.94, 1419.0
1477950399.99, 1419.0
1477950400.04, 1419.0
1477950400.09, 1419.0
1477950400.14, 1420.0
1477950400.19, 1420.0
1477950400.24, 1420.0
1477950400.29, 1420.0
1477950400.34, 1420.0
1477950400.39, 1420.0
1477950400.44, 1420.0
1477950400.49, 1420.0
1477950400.54, 1420.0
1477950400.59, 1420.0
1477950400.64, 1420.0
1477950400.69, 1420.0
1477950400.74, 1420.0
1477950400.79, 1420.0
1477950400.84, 1420.0
1477950400.89, 1420.0
1477950400.94, 1420.0
1477950400.99, 1420.0
1477950401.04, 1420.0
1477950401.09, 1420.0
1477950401.14, 1420.0
1477950401.19, 1420.0
1477950401.25, 1420.0
1477950401.3, 1420.0
1477950401.35, 1420.0
1477950401.4, 1420.0
1477950401.45, 1420.0
1477950401.5, 1420.0
1477950401.55, 1420.0
1477950401.6, 1420.0
1477950401.65, 1420.0
1477950401.7, 1420.0
1477950401.75, 1420.0
1477950401.8, 1420.0
1477950401.85, 1420.0
1477950401.9, 1420.0
1477950401.95, 1420.0
1477950402.0, 1420.0
1477950402.05, 1420.0
1477950402.1, 1420.0
1477950402.15, 1420.0
1477950402.2, 1421.0
1477950402.25, 1421.0
1477950402.3, 1421.0
1477950402.35, 1421.0
1477950402.4, 1421.0
1477950402.45, 1421.0
1477950402.5, 1421.0
1477950402.55, 1421.0
1477950402.61, 1421.0
1477950402.66, 1421.0
1477950402.71, 1421.0
1477950402.76, 1421.0
1477950402.81, 1421.0
1477950402.86, 1421.0
1477950402.91, 1421.0
1477950402.96, 1421.0
1477950403.01, 1421.0
1477950403.06, 1421.0
1477950403.11, 1421.0
1477950403.16, 1421.0
1477950403.21, 1421.0
1477950403.26, 1421.0
1477950403.31, 1421.0
1477950403.36, 1422.0
1477950403.41, 1422.0
1477950403.46, 1422.0
1477950403.51, 1422.0
1477950403.56, 1422.0
1477950403.61, 1422.0
1477950403.66, 1422.0
1477950403.71, 1422.0
1477950403.76, 1422.0
1477950403.81, 1422.0
1477950403.86, 1422.0
1477950403.91, 1422.0
1477950403.96, 1422.0
1477950404.01, 1422.0
1477950404.06, 1422.0
1477950404.11, 1422.0
1477950404.16, 1422.0
1477950404.21, 1422.0
1477950404.26, 1422.0
1477950404.31, 1422.0
1477950404.36, 1422.0
1477950404.42, 1422.0
1477950404.47, 1422.0
1477950404.52, 1423.0
1477950404.57, 1423.0
1477950404.62, 1423.0
1477950404.67, 1423.0
1477950404.72, 1423.0
1477950404.77, 1423.0
1477950404.82, 1423.0
1477950404.87, 1423.0
1477950404.92, 1423.0
1477950404.97, 1423.0
1477950405.02, 1423.0
1477950405.07, 1423.0
1477950405.12, 1423.0
1477950405.17, 1423.0
1477950405.22, 1423.0
1477950405.27, 1423.0
1477950405.32, 1423.0
1477950405.37, 1423.0
1477950405.42, 1423.0
1477950405.47, 1423.0
1477950405.52, 1423.0
1477950405.57, 1423.0
1477950405.62, 1423.0
1477950405.67, 1424.0
1477950405.72, 1424.0
1477950405.77, 1424.0
1477950405.82, 1424.0
1477950405.87, 1424.0
1477950405.92, 1424.0
1477950405.97, 1424.0
1477950406.02, 1424.0
1477950406.07, 1424.0
1477950406.12, 1424.0
1477950406.17, 1424.0
1477950406.22, 1424.0
1477950406.27, 1424.0
1477950406.32, 1424.0
1477950406.38, 1424.0
1477950406.43, 1424.0
1477950406.48, 1424.0
1477950406.53, 1424.0
1477950406.58, 1424.0
1477950406.63, 1424.0
1477950406.68, 1424.0
1477950406.73, 1424.0
1477950406.78, 1424.0
1477950406.83, 1424.0
1477950406.88, 1424.0
1477950406.93, 1424.0
1477950406.98, 1424.0
1477950407.03, 1424.0
1477950407.08, 1424.0
1477950407.13, 1424.0
1477950407.18, 1424.0
1477950407.23, 1424.0
1477950407.28, 1424.0
1477950407.33, 1424.0
1477950407.38, 1424.0
1477950407.43, 1424.0
1477950407.48, 1424.0
1477950407.53, 1424.0
1477950407.58, 1424.0
1477950407.63, 1424.0
1477950407.68, 1424.0
1477950407.73, 1424.0
1477950407.78, 1424.0
1477950407.83, 1424.0
1477950407.88, 1424.0
1477950407.93, 1424.0
1477950407.98, 1424.0
1477950408.03, 1424.0
1477950408.09, 1424.0
1477950408.14, 1424.0
1477950408.19, 1424.0
1477950408.24, 1424.0
1477950408.29, 1424.0
1477950408.34, 1424.0
1477950408.39, 1424.0
1477950408.44, 1424.0
1477950408.49, 1424.0
1477950408.54, 1424.0
1477950408.59, 1424.0
1477950408.64, 1424.0
1477950408.69, 1424.0
1477950408.74, 1424.0
1477950408.79, 1424.0
1477950408.84, 1424.0
1477950408.89, 1424.0
1477950408.94, 1424.0
1477950408.99, 1424.0
1477950409.04, 1424.0
1477950409.09, 1424.0
1477950409.14, 1424.0
1477950409.19, 1424.0
1477950409.24, 1424.0
1477950409.29, 1424.0
1477950409.34, 1424.0
1477950409.39, 1424.0
1477950409.44, 1424.0
1477950409.49, 1424.0
1477950409.54, 1424.0
1477950409.59, 1424.0
1477950409.64, 1424.0
1477950409.69, 1424.0
1477950409.74, 1424.0
1477950409.79, 1424.0
1477950409.84, 1424.0
1477950409.9, 1424.0
1477950409.95, 1424.0
1477950410.0, 1424.0
1477950410.05, 1424.0
1477950410.1, 1424.0
1477950410.15, 1424.0
1477950410.2, 1424.0
1477950410.25, 1424.0
1477950410.3, 1424.0
1477950410.35, 1424.0
1477950410.4, 1424.0
1477950410.45, 1424.0
1477950410.5, 1424.0
1477950410.55, 1424.0
1477950410.6, 1424.0
1477950410.65, 1424.0
1477950410.7, 1424.0
1477950410.75, 1424.0
1477950410.8, 1424.0
1477950410.85, 1424.0
1477950410.9, 1424.0
1477950410.95, 1424.0
1477950411.0, 1424.0
1477950411.05, 1424.0
1477950411.1, 1424.0
1477950411.15, 1424.0
1477950411.2, 1424.0
1477950411.25, 1424.0
1477950411.3, 1424.0
1477950411.35, 1424.0
1477950411.4, 1424.0
1477950411.45, 1424.0
1477950411.5, 1424.0
1477950411.55, 1424.0
1477950411.6, 1424.0
1477950411.66, 1424.0
1477950411.71, 1424.0
1477950411.76, 1424.0
1477950411.81, 1424.0
1477950411.86, 1424.0
1477950411.91, 1424.0
1477950411.96, 1424.0
1477950412.01, 1424.0
1477950412.06, 1424.0
1477950412.11, 1424.0
1477950412.16, 1424.0
1477950412.21, 1424.0
1477950412.26, 1424.0
1477950412.31, 1424.0
1477950412.36, 1424.0
1477950412.41, 1424.0
1477950412.46, 1424.0
1477950412.51, 1424.0
1477950412.56, 1424.0
1477950412.61, 1424.0
1477950412.66, 1424.0
1477950412.71, 1424.0
1477950412.76, 1424.0
1477950412.81, 1424.0
1477950412.86, 1424.0
1477950412.91, 1424.0
1477950412.96, 1424.0
1477950413.01, 1424.0
1477950413.06, 1425.0
1477950413.11, 1425.0
1477950413.16, 1425.0
1477950413.21, 1425.0
1477950413.26, 1425.0
1477950413.31, 1425.0
1477950413.36, 1425.0
1477950413.41, 1425.0
1477950413.47, 1425.0
1477950413.52, 1425.0
1477950413.57, 1425.0
1477950413.62, 1425.0
1477950413.67, 1425.0
1477950413.72, 1425.0
1477950413.77, 1425.0
1477950413.82, 1425.0
1477950413.87, 1425.0
1477950413.92, 1425.0
1477950413.97, 1425.0
1477950414.02, 1425.0
1477950414.07, 1425.0
