1477950382.898711,17
1477950383.053857,17
1477950383.194739,17
1477950383.332143,15
1477950383.480315,17
1477950383.620925,16
1477950383.747960,17
1477950383.908899,16
1477950384.076009,17
1477950384.183584,17
1477950384.289297,15
1477950384.394436,16
1477950384.498376,16
1477950384.605638,17
1477950384.721858,7
1477950384.829257,7
1477950384.935808,7
1477950385.057282,6
1477950385.171155,10
1477950385.291585,11
1477950385.395455,7
1477950385.501144,7
1477950385.605250,6
1477950385.709357,12
1477950385.816780,13
1477950385.924914,16
1477950386.031326,17
1477950386.134960,16
1477950386.252840,17
1477950386.356738,16
1477950386.461187,15
1477950386.565393,15
1477950386.681766,15
1477950386.800599,15
1477950386.905035,14
1477950387.008728,15
1477950387.112736,15
1477950387.217072,17
1477950387.321899,17
1477950387.440884,17
1477950387.544439,16
1477950387.648390,16
1477950387.752451,16
1477950387.856407,17
1477950387.960364,17
1477950388.064619,17
1477950388.168500,16
1477950388.272931,17
1477950388.377082,16
1477950388.484792,16
1477950388.590241,16
1477950388.697364,17
1477950388.801186,16
1477950388.905013,16
1477950389.009393,16
1477950389.113827,17
1477950389.226638,17
1477950389.331838,16
1477950389.444444,16
1477950389.550307,17
1477950389.654219,17
1477950389.758583,16
1477950389.864205,17
1477950389.968751,17
1477950390.072966,16
1477950390.177109,16
1477950390.281006,16
1477950390.384687,16
1477950390.493049,16
1477950390.601379,17
1477950390.709587,16
1477950390.820034,17
1477950390.924374,17
1477950391.029362,17
1477950391.133624,16
1477950391.237717,16
1477950391.341738,17
1477950391.453662,17
1477950391.562615,16
1477950391.666502,17
1477950391.770282,17
1477950391.874518,17
1477950391.986722,16
1477950392.090443,16
1477950392.194086,16
1477950392.298041,16
1477950392.408076,16
1477950392.525206,16
1477950392.629041,16
1477950392.735212,17
1477950392.839391,17
1477950392.943482,16
1477950393.047812,16
1477950393.151877,17
1477950393.259138,16
1477950393.370765,16
1477950393.488645,16
1477950393.592314,16
1477950393.696106,16
1477950393.799614,16
1477950393.904005,17
1477950394.009958,16
1477950394.125196,16
1477950394.242367,16
1477950394.345997,17
1477950394.449678,17
1477950394.555677,16
1477950394.667614,16
1477950394.775113,17
1477950394.878938,17
1477950394.983191,16
1477950395.087113,16
1477950395.191004,16
1477950395.301514,16
1477950395.405768,17
1477950395.509662,17
1477950395.613586,17
1477950395.721390,17
1477950395.830199,16
1477950395.937076,17
1477950396.041073,16
1477950396.144925,16
1477950396.249081,16
1477950396.353223,17
1477950396.457834,17
1477950396.561898,17
1477950396.665923,16
1477950396.769867,16
1477950396.879744,16
1477950396.988901,17
1477950397.092980,16
1477950397.196770,16
1477950397.304946,17
1477950397.409553,16
1477950397.514041,16
1477950397.617994,17
1477950397.724796,16
1477950397.833140,17
1477950397.942580,17
1477950398.046117,17
1477950398.149980,17
1477950398.260266,17
1477950398.365473,16
1477950398.469910,16
1477950398.573654,16
1477950398.677552,17
1477950398.781464,17
1477950398.891843,17
1477950399.009117,16
1477950399.113390,17
1477950399.216902,17
1477950399.321088,17
1477950399.426142,16
1477950399.532368,17
1477950399.638223,16
1477950399.743347,16
1477950399.852260,16
1477950399.955839,16
1477950400.059722,16
1477950400.164503,16
1477950400.269408,16
1477950400.373306,16
1477950400.477292,15
1477950400.581760,16
1477950400.685772,16
1477950400.790089,16
1477950400.910843,16
1477950401.014882,15
1477950401.136086,16
1477950401.240439,16
1477950401.344651,16
1477950401.450752,15
1477950401.559503,16
1477950401.667102,16
1477950401.771170,16
1477950401.882247,16
1477950401.986409,15
1477950402.090523,16
1477950402.194497,17
1477950402.298374,17
1477950402.416799,17
1477950402.527563,16
1477950402.631102,17
1477950402.734653,17
1477950402.843329,17
1477950402.947335,17
1477950403.051188,17
1477950403.155232,17
1477950403.262977,17
1477950403.374487,17
1477950403.478038,17
1477950403.581867,17
1477950403.685431,16
1477950403.789574,16
1477950403.894199,17
1477950403.998746,17
1477950404.105995,16
1477950404.210002,17
1477950404.314130,17
1477950404.424437,17
1477950404.539477,17
1477950404.650182,16
1477950404.754686,16
1477950404.859665,17
1477950404.963528,17
1477950405.067221,17
1477950405.174643,17
1477950405.286714,17
1477950405.402654,17
1477950405.506496,17
1477950405.610866,17
1477950405.717967,16
1477950405.821797,17
1477950405.946298,17
1477950406.050698,16
1477950406.154523,17
1477950406.258797,17
1477950406.362380,17
1477950406.466283,17
1477950406.572735,16
1477950406.678148,17
1477950406.790681,17
1477950406.916026,17
1477950407.021387,16
1477950407.125531,16
1477950407.230074,17
1477950407.339759,17
1477950407.448892,16
1477950407.552789,16
1477950407.656823,17
1477950407.760330,17
1477950407.867086,16
1477950407.971819,17
1477950408.075732,17
1477950408.179554,17
1477950408.283407,17
1477950408.390864,17
1477950408.501610,17
1477950408.611148,16
1477950408.723714,17
1477950408.827285,17
1477950408.931304,17
1477950409.036962,16
1477950409.144503,17
1477950409.255130,17
1477950409.360359,17
1477950409.464216,16
1477950409.568457,17
1477950409.672950,17
1477950409.776796,17
1477950409.885849,17
1477950409.991974,17
1477950410.098473,17
1477950410.203889,17
1477950410.312497,17
1477950410.416067,17
1477950410.523785,16
1477950410.628805,17
1477950410.733031,17
1477950410.836824,17
1477950410.941253,17
1477950411.045266,16
1477950411.150144,17
1477950411.257474,17
1477950411.366520,17
1477950411.470673,17
1477950411.574413,16
1477950411.677974,16
1477950411.782038,17
1477950411.886048,17
1477950411.989575,17
1477950412.093279,17
1477950412.197188,17
1477950412.303689,17
1477950412.407056,17
1477950412.514302,17
1477950412.623493,17
1477950412.727841,17
1477950412.831770,16
1477950412.935425,17
1477950413.039243,17
1477950413.148050,16
1477950413.251678,16
1477950413.355309,17
1477950413.458937,17
1477950413.562953,17
1477950413.667811,17
1477950413.793378,17
1477950413.897185,17
1477950414.001360,16
