1477950382.85, 2417246.0
1477950383.0, 2444036.0
1477950383.12, 2467864.0
1477950383.22, 2485834.0
1477950383.33, 2506700.0
1477950383.43, 2526453.0
1477950383.53, 2545805.0
1477950383.63, 2563775.0
1477950383.72, 2577137.0
1477950383.8, 2593659.0
1477950383.92, 2616176.0
1477950384.04, 2637174.0
1477950384.1, 2647700.0
1477950384.15, 2656760.0
1477950384.2, 2667447.0
1477950384.25, 2675035.0
1477950384.3, 2679703.0
1477950384.35, 2684179.0
1477950384.4, 2690277.0
1477950384.45, 2693305.0
1477950384.5, 2696333.0
1477950384.55, 2696417.0
1477950384.6, 2696459.0
1477950384.65, 2698183.0
1477950384.7, 2698435.0
1477950384.75, 2698477.0
1477950384.8, 2698519.0
1477950384.85, 2698519.0
1477950384.9, 2698519.0
1477950384.95, 2698603.0
1477950385.0, 2698645.0
1477950385.06, 2698687.0
1477950385.11, 2698687.0
1477950385.16, 2698813.0
1477950385.21, 2698897.0
1477950385.26, 2699233.0
1477950385.31, 2699359.0
1477950385.36, 2699527.0
1477950385.41, 2699527.0
1477950385.46, 2699527.0
1477950385.51, 2699569.0
1477950385.56, 2699611.0
1477950385.61, 2699611.0
1477950385.66, 2699611.0
1477950385.71, 2701125.0
1477950385.76, 2701251.0
1477950385.81, 2704279.0
1477950385.86, 2707307.0
1477950385.91, 2708821.0
1477950385.96, 2711849.0
1477950386.01, 2714877.0
1477950386.06, 2714919.0
1477950386.11, 2714961.0
1477950386.16, 2714961.0
1477950386.22, 2715003.0
1477950386.27, 2715003.0
1477950386.32, 2715003.0
1477950386.37, 2715087.0
1477950386.42, 2715087.0
1477950386.47, 2715087.0
1477950386.52, 2715129.0
1477950386.57, 2715129.0
1477950386.62, 2715129.0
1477950386.67, 2715171.0
1477950386.72, 2715171.0
1477950386.77, 2715171.0
1477950386.82, 2715171.0
1477950386.87, 2715171.0
1477950386.92, 2715171.0
1477950386.97, 2715171.0
1477950387.02, 2715171.0
1477950387.07, 2715171.0
1477950387.12, 2716685.0
1477950387.17, 2716685.0
1477950387.22, 2716685.0
1477950387.27, 2718199.0
1477950387.32, 2718199.0
1477950387.37, 2718199.0
1477950387.42, 2718199.0
1477950387.47, 2718199.0
1477950387.53, 2718199.0
1477950387.58, 2718199.0
1477950387.63, 2718199.0
1477950387.68, 2718199.0
1477950387.73, 2718199.0
1477950387.78, 2718199.0
1477950387.83, 2718199.0
1477950387.88, 2718199.0
1477950387.93, 2718199.0
1477950387.98, 2718199.0
1477950388.03, 2718199.0
1477950388.08, 2718199.0
1477950388.13, 2718199.0
1477950388.18, 2718199.0
1477950388.23, 2718199.0
1477950388.28, 2718199.0
1477950388.33, 2718199.0
1477950388.38, 2718199.0
1477950388.43, 2719713.0
1477950388.48, 2719713.0
1477950388.53, 2719713.0
1477950388.58, 2719713.0
1477950388.63, 2719713.0
1477950388.68, 2719713.0
1477950388.73, 2719713.0
1477950388.78, 2719713.0
1477950388.83, 2719713.0
1477950388.88, 2719713.0
1477950388.93, 2719713.0
1477950388.98, 2719713.0
1477950389.03, 2719713.0
1477950389.08, 2719713.0
1477950389.13, 2719713.0
1477950389.18, 2719713.0
1477950389.23, 2719713.0
1477950389.28, 2719713.0
1477950389.33, 2719713.0
1477950389.38, 2719713.0
1477950389.43, 2719713.0
1477950389.48, 2719713.0
1477950389.53, 2719713.0
1477950389.58, 2719713.0
1477950389.63, 2719713.0
1477950389.68, 2719713.0
1477950389.73, 2719713.0
1477950389.78, 2719713.0
1477950389.84, 2719713.0
1477950389.89, 2719713.0
1477950389.94, 2719713.0
1477950389.99, 2719713.0
1477950390.04, 2719713.0
1477950390.09, 2719713.0
1477950390.14, 2719713.0
1477950390.19, 2719713.0
1477950390.24, 2719713.0
1477950390.29, 2719713.0
1477950390.34, 2719713.0
1477950390.39, 2719713.0
1477950390.44, 2719713.0
1477950390.49, 2719713.0
1477950390.54, 2719713.0
1477950390.59, 2719713.0
1477950390.64, 2719713.0
1477950390.69, 2719713.0
1477950390.74, 2719713.0
1477950390.79, 2719713.0
1477950390.84, 2719713.0
1477950390.89, 2719713.0
1477950390.94, 2719713.0
1477950390.99, 2719713.0
1477950391.04, 2719713.0
1477950391.09, 2719713.0
1477950391.14, 2719713.0
1477950391.19, 2719713.0
1477950391.24, 2719713.0
1477950391.29, 2719713.0
1477950391.34, 2719713.0
1477950391.39, 2719713.0
1477950391.44, 2719713.0
1477950391.49, 2719713.0
1477950391.55, 2719713.0
1477950391.6, 2719713.0
1477950391.65, 2721227.0
1477950391.7, 2721227.0
1477950391.75, 2721227.0
1477950391.8, 2721227.0
1477950391.85, 2721227.0
1477950391.9, 2721227.0
1477950391.95, 2721227.0
1477950392.0, 2721227.0
1477950392.05, 2721227.0
1477950392.1, 2721227.0
1477950392.15, 2721227.0
1477950392.2, 2721227.0
1477950392.25, 2721227.0
1477950392.3, 2721227.0
1477950392.35, 2721227.0
1477950392.4, 2721227.0
1477950392.45, 2721227.0
1477950392.5, 2721227.0
1477950392.55, 2721227.0
1477950392.6, 2721227.0
1477950392.65, 2721227.0
1477950392.7, 2721227.0
1477950392.75, 2721227.0
1477950392.8, 2721227.0
1477950392.85, 2721227.0
1477950392.9, 2721227.0
1477950392.95, 2721227.0
1477950393.0, 2721227.0
1477950393.05, 2721227.0
1477950393.1, 2721227.0
1477950393.15, 2721227.0
1477950393.2, 2721227.0
1477950393.25, 2721227.0
1477950393.3, 2721227.0
1477950393.36, 2721227.0
1477950393.41, 2721227.0
1477950393.46, 2721227.0
1477950393.51, 2721227.0
1477950393.56, 2721227.0
1477950393.61, 2721227.0
1477950393.66, 2721227.0
1477950393.71, 2721227.0
1477950393.76, 2721227.0
1477950393.81, 2721227.0
1477950393.86, 2721227.0
1477950393.91, 2721227.0
1477950393.96, 2721227.0
1477950394.01, 2721227.0
1477950394.06, 2721227.0
1477950394.11, 2721227.0
1477950394.16, 2721227.0
1477950394.21, 2721227.0
1477950394.26, 2721227.0
1477950394.31, 2721227.0
1477950394.36, 2721227.0
1477950394.41, 2721227.0
1477950394.46, 2721227.0
1477950394.51, 2721227.0
1477950394.56, 2721227.0
1477950394.61, 2721227.0
1477950394.66, 2721227.0
1477950394.71, 2721227.0
1477950394.76, 2721227.0
1477950394.81, 2721227.0
1477950394.86, 2721227.0
1477950394.91, 2721227.0
1477950394.96, 2721227.0
1477950395.01, 2721227.0
1477950395.06, 2721227.0
1477950395.11, 2721227.0
1477950395.16, 2721227.0
1477950395.21, 2721227.0
1477950395.26, 2721227.0
1477950395.31, 2721227.0
1477950395.36, 2721227.0
1477950395.41, 2721227.0
1477950395.47, 2721227.0
1477950395.52, 2721227.0
1477950395.57, 2721227.0
1477950395.62, 2721227.0
1477950395.67, 2721227.0
1477950395.72, 2721227.0
1477950395.77, 2721227.0
1477950395.82, 2721227.0
1477950395.87, 2721227.0
1477950395.92, 2721227.0
1477950395.97, 2721227.0
1477950396.02, 2721227.0
1477950396.07, 2721227.0
1477950396.12, 2721227.0
1477950396.17, 2721227.0
1477950396.22, 2721227.0
1477950396.27, 2721227.0
1477950396.32, 2721227.0
1477950396.37, 2721227.0
1477950396.42, 2721227.0
1477950396.47, 2721227.0
1477950396.52, 2721227.0
1477950396.57, 2721227.0
1477950396.62, 2721227.0
1477950396.67, 2721227.0
1477950396.72, 2721227.0
1477950396.77, 2721227.0
1477950396.82, 2721227.0
1477950396.87, 2721227.0
1477950396.92, 2721227.0
1477950396.97, 2721227.0
1477950397.02, 2721227.0
1477950397.07, 2721227.0
1477950397.12, 2721227.0
1477950397.17, 2721227.0
1477950397.22, 2721227.0
1477950397.27, 2721227.0
1477950397.32, 2721227.0
1477950397.37, 2721227.0
1477950397.43, 2721227.0
1477950397.48, 2721227.0
1477950397.53, 2721227.0
1477950397.58, 2721227.0
1477950397.63, 2721227.0
1477950397.68, 2721227.0
1477950397.73, 2721227.0
1477950397.78, 2721227.0
1477950397.83, 2721227.0
1477950397.88, 2721227.0
1477950397.93, 2721227.0
1477950397.98, 2721227.0
1477950398.03, 2721227.0
1477950398.08, 2721227.0
1477950398.13, 2721227.0
1477950398.18, 2721227.0
1477950398.23, 2721227.0
1477950398.28, 2721227.0
1477950398.33, 2721227.0
1477950398.38, 2721227.0
1477950398.43, 2721227.0
1477950398.48, 2721227.0
1477950398.53, 2721227.0
1477950398.58, 2721227.0
1477950398.63, 2721227.0
1477950398.68, 2721227.0
1477950398.73, 2721227.0
1477950398.78, 2721227.0
1477950398.83, 2721227.0
1477950398.88, 2721227.0
1477950398.93, 2721227.0
1477950398.98, 2722741.0
1477950399.03, 2722741.0
1477950399.08, 2722741.0
1477950399.13, 2722741.0
1477950399.18, 2722741.0
1477950399.23, 2722741.0
1477950399.28, 2722741.0
1477950399.34, 2722741.0
1477950399.39, 2722741.0
1477950399.44, 2722944.0
1477950399.49, 2722944.0
1477950399.54, 2722944.0
1477950399.59, 2722944.0
1477950399.64, 2722944.0
1477950399.69, 2722944.0
1477950399.74, 2722944.0
1477950399.79, 2722944.0
1477950399.84, 2722944.0
1477950399.89, 2722944.0
1477950399.94, 2722944.0
1477950399.99, 2722944.0
1477950400.04, 2722944.0
1477950400.09, 2722944.0
1477950400.14, 2723147.0
1477950400.19, 2723147.0
1477950400.24, 2723147.0
1477950400.29, 2723147.0
1477950400.34, 2723147.0
1477950400.39, 2723147.0
1477950400.44, 2723147.0
1477950400.49, 2723147.0
1477950400.54, 2723147.0
1477950400.59, 2723147.0
1477950400.64, 2723147.0
1477950400.69, 2723147.0
1477950400.74, 2723147.0
1477950400.79, 2723147.0
1477950400.84, 2723147.0
1477950400.89, 2723147.0
1477950400.94, 2723147.0
1477950400.99, 2723147.0
1477950401.04, 2723147.0
1477950401.09, 2723147.0
1477950401.14, 2723147.0
1477950401.19, 2723147.0
1477950401.25, 2723147.0
1477950401.3, 2723147.0
1477950401.35, 2723147.0
1477950401.4, 2723147.0
1477950401.45, 2723147.0
1477950401.5, 2723147.0
1477950401.55, 2723147.0
1477950401.6, 2723147.0
1477950401.65, 2723147.0
1477950401.7, 2723147.0
1477950401.75, 2723147.0
1477950401.8, 2723147.0
1477950401.85, 2723147.0
1477950401.9, 2723147.0
1477950401.95, 2723147.0
1477950402.0, 2723147.0
1477950402.05, 2723147.0
1477950402.1, 2723147.0
1477950402.15, 2723147.0
1477950402.2, 2724661.0
1477950402.25, 2724661.0
1477950402.3, 2724661.0
1477950402.35, 2724661.0
1477950402.4, 2724661.0
1477950402.45, 2724661.0
1477950402.5, 2724661.0
1477950402.55, 2724661.0
1477950402.61, 2724661.0
1477950402.66, 2724661.0
1477950402.71, 2724661.0
1477950402.76, 2724661.0
1477950402.81, 2724661.0
1477950402.86, 2724661.0
1477950402.91, 2724661.0
1477950402.96, 2724661.0
1477950403.01, 2724661.0
1477950403.06, 2724661.0
1477950403.11, 2724661.0
1477950403.16, 2724661.0
1477950403.21, 2724661.0
1477950403.26, 2724661.0
1477950403.31, 2724661.0
1477950403.36, 2726175.0
1477950403.41, 2726175.0
1477950403.46, 2726175.0
1477950403.51, 2726175.0
1477950403.56, 2726175.0
1477950403.61, 2726175.0
1477950403.66, 2726175.0
1477950403.71, 2726175.0
1477950403.76, 2726175.0
1477950403.81, 2726175.0
1477950403.86, 2726175.0
1477950403.91, 2726175.0
1477950403.96, 2726175.0
1477950404.01, 2726175.0
1477950404.06, 2726175.0
1477950404.11, 2726175.0
1477950404.16, 2726175.0
1477950404.21, 2726175.0
1477950404.26, 2726175.0
1477950404.31, 2726175.0
1477950404.36, 2726175.0
1477950404.42, 2726175.0
1477950404.47, 2726175.0
1477950404.52, 2727689.0
1477950404.57, 2727689.0
1477950404.62, 2727689.0
1477950404.67, 2727689.0
1477950404.72, 2727689.0
1477950404.77, 2727689.0
1477950404.82, 2727689.0
1477950404.87, 2727689.0
1477950404.92, 2727689.0
1477950404.97, 2727689.0
1477950405.02, 2727689.0
1477950405.07, 2727689.0
1477950405.12, 2727689.0
1477950405.17, 2727689.0
1477950405.22, 2727689.0
1477950405.27, 2727689.0
1477950405.32, 2727689.0
1477950405.37, 2727689.0
1477950405.42, 2727689.0
1477950405.47, 2727689.0
1477950405.52, 2727689.0
1477950405.57, 2727689.0
1477950405.62, 2727689.0
1477950405.67, 2729203.0
1477950405.72, 2729203.0
1477950405.77, 2729203.0
1477950405.82, 2729203.0
1477950405.87, 2729203.0
1477950405.92, 2729203.0
1477950405.97, 2729203.0
1477950406.02, 2729203.0
1477950406.07, 2729203.0
1477950406.12, 2729203.0
1477950406.17, 2729203.0
1477950406.22, 2729203.0
1477950406.27, 2729203.0
1477950406.32, 2729203.0
1477950406.38, 2729203.0
1477950406.43, 2729203.0
1477950406.48, 2729203.0
1477950406.53, 2729203.0
1477950406.58, 2729203.0
1477950406.63, 2729203.0
1477950406.68, 2729203.0
1477950406.73, 2729203.0
1477950406.78, 2729203.0
1477950406.83, 2729203.0
1477950406.88, 2729203.0
1477950406.93, 2729203.0
1477950406.98, 2729203.0
1477950407.03, 2729203.0
1477950407.08, 2729203.0
1477950407.13, 2729203.0
1477950407.18, 2729203.0
1477950407.23, 2729203.0
1477950407.28, 2729203.0
1477950407.33, 2729203.0
1477950407.38, 2729203.0
1477950407.43, 2729203.0
1477950407.48, 2729203.0
1477950407.53, 2729203.0
1477950407.58, 2729203.0
1477950407.63, 2729203.0
1477950407.68, 2729203.0
1477950407.73, 2729203.0
1477950407.78, 2729203.0
1477950407.83, 2729203.0
1477950407.88, 2729203.0
1477950407.93, 2729203.0
1477950407.98, 2729203.0
1477950408.03, 2729203.0
1477950408.09, 2729203.0
1477950408.14, 2729203.0
1477950408.19, 2729203.0
1477950408.24, 2729203.0
1477950408.29, 2729203.0
1477950408.34, 2729203.0
1477950408.39, 2729203.0
1477950408.44, 2729203.0
1477950408.49, 2729203.0
1477950408.54, 2729203.0
1477950408.59, 2729203.0
1477950408.64, 2729203.0
1477950408.69, 2729203.0
1477950408.74, 2729203.0
1477950408.79, 2729203.0
1477950408.84, 2729203.0
1477950408.89, 2729203.0
1477950408.94, 2729203.0
1477950408.99, 2729203.0
1477950409.04, 2729203.0
1477950409.09, 2729203.0
1477950409.14, 2729203.0
1477950409.19, 2729203.0
1477950409.24, 2729203.0
1477950409.29, 2729203.0
1477950409.34, 2729203.0
1477950409.39, 2729203.0
1477950409.44, 2729203.0
1477950409.49, 2729203.0
1477950409.54, 2729203.0
1477950409.59, 2729203.0
1477950409.64, 2729203.0
1477950409.69, 2729203.0
1477950409.74, 2729203.0
1477950409.79, 2729203.0
1477950409.84, 2729203.0
1477950409.9, 2729203.0
1477950409.95, 2729203.0
1477950410.0, 2729203.0
1477950410.05, 2729203.0
1477950410.1, 2729203.0
1477950410.15, 2729203.0
1477950410.2, 2729203.0
1477950410.25, 2729203.0
1477950410.3, 2729203.0
1477950410.35, 2729203.0
1477950410.4, 2729203.0
1477950410.45, 2729203.0
1477950410.5, 2729203.0
1477950410.55, 2729203.0
1477950410.6, 2729203.0
1477950410.65, 2729203.0
1477950410.7, 2729203.0
1477950410.75, 2729203.0
1477950410.8, 2729203.0
1477950410.85, 2729203.0
1477950410.9, 2729203.0
1477950410.95, 2729203.0
1477950411.0, 2729203.0
1477950411.05, 2729203.0
1477950411.1, 2729203.0
1477950411.15, 2729203.0
1477950411.2, 2729203.0
1477950411.25, 2729203.0
1477950411.3, 2729203.0
1477950411.35, 2729203.0
1477950411.4, 2729203.0
1477950411.45, 2729203.0
1477950411.5, 2729203.0
1477950411.55, 2729203.0
1477950411.6, 2729203.0
1477950411.66, 2729203.0
1477950411.71, 2729203.0
1477950411.76, 2729203.0
1477950411.81, 2729203.0
1477950411.86, 2729203.0
1477950411.91, 2729203.0
1477950411.96, 2729203.0
1477950412.01, 2729203.0
1477950412.06, 2729203.0
1477950412.11, 2729203.0
1477950412.16, 2729203.0
1477950412.21, 2729203.0
1477950412.26, 2729203.0
1477950412.31, 2729203.0
1477950412.36, 2729203.0
1477950412.41, 2729203.0
1477950412.46, 2729203.0
1477950412.51, 2729203.0
1477950412.56, 2729203.0
1477950412.61, 2729203.0
1477950412.66, 2729203.0
1477950412.71, 2729203.0
1477950412.76, 2729203.0
1477950412.81, 2729203.0
1477950412.86, 2729203.0
1477950412.91, 2729203.0
1477950412.96, 2729203.0
1477950413.01, 2729203.0
1477950413.06, 2730717.0
1477950413.11, 2730717.0
1477950413.16, 2730717.0
1477950413.21, 2730717.0
1477950413.26, 2730717.0
1477950413.31, 2730717.0
1477950413.36, 2730717.0
1477950413.41, 2730717.0
1477950413.47, 2730717.0
1477950413.52, 2730717.0
1477950413.57, 2730717.0
1477950413.62, 2730717.0
1477950413.67, 2730717.0
1477950413.72, 2730717.0
1477950413.77, 2730717.0
1477950413.82, 2730717.0
1477950413.87, 2730717.0
1477950413.92, 2730717.0
1477950413.97, 2730717.0
1477950414.02, 2730717.0
1477950414.07, 2730717.0
