1477950382.85, 24107.0
1477950383.0, 24107.0
1477950383.12, 24107.0
1477950383.22, 24107.0
1477950383.33, 24107.0
1477950383.43, 24107.0
1477950383.53, 24107.0
1477950383.63, 24107.0
1477950383.72, 24107.0
1477950383.8, 24107.0
1477950383.92, 24310.0
1477950384.04, 24310.0
1477950384.1, 24436.0
1477950384.15, 24478.0
1477950384.2, 26247.0
1477950384.25, 26331.0
1477950384.3, 30903.0
1477950384.35, 35349.0
1477950384.4, 39837.0
1477950384.45, 45765.0
1477950384.5, 51693.0
1477950384.55, 62151.0
1477950384.6, 71085.0
1477950384.65, 78705.0
1477950384.7, 87849.0
1477950384.75, 96783.0
1477950384.8, 107199.0
1477950384.85, 116091.0
1477950384.9, 126465.0
1477950384.95, 135441.0
1477950385.0, 144375.0
1477950385.06, 154791.0
1477950385.11, 163683.0
1477950385.16, 172701.0
1477950385.21, 183159.0
1477950385.26, 192387.0
1477950385.31, 201405.0
1477950385.36, 211947.0
1477950385.41, 220839.0
1477950385.46, 229731.0
1477950385.51, 240147.0
1477950385.56, 249081.0
1477950385.61, 257973.0
1477950385.66, 268347.0
1477950385.71, 275757.0
1477950385.76, 284775.0
1477950385.81, 292185.0
1477950385.86, 298113.0
1477950385.91, 305523.0
1477950385.96, 312933.0
1477950386.01, 318861.0
1477950386.06, 327795.0
1477950386.11, 338211.0
1477950386.16, 347103.0
1477950386.22, 357519.0
1477950386.27, 366411.0
1477950386.32, 375303.0
1477950386.37, 385761.0
1477950386.42, 394653.0
1477950386.47, 403545.0
1477950386.52, 413961.0
1477950386.57, 422853.0
1477950386.62, 433227.0
1477950386.67, 442161.0
1477950386.72, 451053.0
1477950386.77, 461427.0
1477950386.82, 470319.0
1477950386.87, 479211.0
1477950386.92, 489585.0
1477950386.97, 498477.0
1477950387.02, 507369.0
1477950387.07, 517743.0
1477950387.12, 525153.0
1477950387.17, 534045.0
1477950387.22, 544419.0
1477950387.27, 551829.0
1477950387.32, 562203.0
1477950387.37, 571095.0
1477950387.42, 579987.0
1477950387.47, 590361.0
1477950387.53, 599253.0
1477950387.58, 609627.0
1477950387.63, 618519.0
1477950387.68, 627411.0
1477950387.73, 637785.0
1477950387.78, 646677.0
1477950387.83, 655569.0
1477950387.88, 665943.0
1477950387.93, 674835.0
1477950387.98, 683727.0
1477950388.03, 694101.0
1477950388.08, 702993.0
1477950388.13, 711885.0
1477950388.18, 722259.0
1477950388.23, 731151.0
1477950388.28, 740043.0
1477950388.33, 750417.0
1477950388.38, 759309.0
1477950388.43, 766719.0
1477950388.48, 777093.0
1477950388.53, 785985.0
1477950388.58, 796359.0
1477950388.63, 805251.0
1477950388.68, 814143.0
1477950388.73, 824517.0
1477950388.78, 833409.0
1477950388.83, 842301.0
1477950388.88, 852675.0
1477950388.93, 861567.0
1477950388.98, 870459.0
1477950389.03, 880833.0
1477950389.08, 889725.0
1477950389.13, 898617.0
1477950389.18, 908991.0
1477950389.23, 917883.0
1477950389.28, 926775.0
1477950389.33, 937149.0
1477950389.38, 946041.0
1477950389.43, 956415.0
1477950389.48, 965307.0
1477950389.53, 974199.0
1477950389.58, 984573.0
1477950389.63, 993465.0
1477950389.68, 1002357.0
1477950389.73, 1012731.0
1477950389.78, 1021623.0
1477950389.84, 1030515.0
1477950389.89, 1040889.0
1477950389.94, 1049781.0
1477950389.99, 1060155.0
1477950390.04, 1069047.0
1477950390.09, 1077939.0
1477950390.14, 1088313.0
1477950390.19, 1097205.0
1477950390.24, 1106097.0
1477950390.29, 1116471.0
1477950390.34, 1125363.0
1477950390.39, 1134255.0
1477950390.44, 1144629.0
1477950390.49, 1153521.0
1477950390.54, 1163895.0
1477950390.59, 1172787.0
1477950390.64, 1181679.0
1477950390.69, 1192053.0
1477950390.74, 1200945.0
1477950390.79, 1209837.0
1477950390.84, 1220211.0
1477950390.89, 1229103.0
1477950390.94, 1237995.0
1477950390.99, 1248369.0
1477950391.04, 1257261.0
1477950391.09, 1267635.0
1477950391.14, 1276527.0
1477950391.19, 1285419.0
1477950391.24, 1295793.0
1477950391.29, 1304685.0
1477950391.34, 1313577.0
1477950391.39, 1323951.0
1477950391.44, 1332843.0
1477950391.49, 1341735.0
1477950391.55, 1352109.0
1477950391.6, 1361001.0
1477950391.65, 1369893.0
1477950391.7, 1378785.0
1477950391.75, 1387677.0
1477950391.8, 1398051.0
1477950391.85, 1406943.0
1477950391.9, 1415835.0
1477950391.95, 1426209.0
1477950392.0, 1435101.0
1477950392.05, 1445475.0
1477950392.1, 1454367.0
1477950392.15, 1463259.0
1477950392.2, 1473633.0
1477950392.25, 1482525.0
1477950392.3, 1491417.0
1477950392.35, 1501791.0
1477950392.4, 1510683.0
1477950392.45, 1521057.0
1477950392.5, 1529949.0
1477950392.55, 1538841.0
1477950392.6, 1549215.0
1477950392.65, 1558107.0
1477950392.7, 1566999.0
1477950392.75, 1577373.0
1477950392.8, 1586265.0
1477950392.85, 1595157.0
1477950392.9, 1605531.0
1477950392.95, 1614423.0
1477950393.0, 1623315.0
1477950393.05, 1633689.0
1477950393.1, 1642581.0
1477950393.15, 1651473.0
1477950393.2, 1661847.0
1477950393.25, 1670739.0
1477950393.3, 1679631.0
1477950393.36, 1690005.0
1477950393.41, 1698897.0
1477950393.46, 1709271.0
1477950393.51, 1718163.0
1477950393.56, 1727055.0
1477950393.61, 1737429.0
1477950393.66, 1746321.0
1477950393.71, 1755213.0
1477950393.76, 1765587.0
1477950393.81, 1774479.0
1477950393.86, 1783371.0
1477950393.91, 1793745.0
1477950393.96, 1802637.0
1477950394.01, 1811529.0
1477950394.06, 1821903.0
1477950394.11, 1830795.0
1477950394.16, 1839687.0
1477950394.21, 1850061.0
1477950394.26, 1858953.0
1477950394.31, 1867845.0
1477950394.36, 1878219.0
1477950394.41, 1887111.0
1477950394.46, 1896003.0
1477950394.51, 1906377.0
1477950394.56, 1915269.0
1477950394.61, 1925643.0
1477950394.66, 1934535.0
1477950394.71, 1943427.0
1477950394.76, 1953801.0
1477950394.81, 1962693.0
1477950394.86, 1971585.0
1477950394.91, 1981959.0
1477950394.96, 1990851.0
1477950395.01, 1999743.0
1477950395.06, 2010117.0
1477950395.11, 2019009.0
1477950395.16, 2029383.0
1477950395.21, 2038275.0
1477950395.26, 2047167.0
1477950395.31, 2057541.0
1477950395.36, 2066433.0
1477950395.41, 2075325.0
1477950395.47, 2085699.0
1477950395.52, 2094591.0
1477950395.57, 2103483.0
1477950395.62, 2113857.0
1477950395.67, 2122749.0
1477950395.72, 2131641.0
1477950395.77, 2142015.0
1477950395.82, 2150907.0
1477950395.87, 2161281.0
1477950395.92, 2170173.0
1477950395.97, 2179065.0
1477950396.02, 2189439.0
1477950396.07, 2198331.0
1477950396.12, 2207223.0
1477950396.17, 2217597.0
1477950396.22, 2226489.0
1477950396.27, 2235381.0
1477950396.32, 2245755.0
1477950396.37, 2254647.0
1477950396.42, 2263539.0
1477950396.47, 2273913.0
1477950396.52, 2282805.0
1477950396.57, 2291697.0
1477950396.62, 2302071.0
1477950396.67, 2310963.0
1477950396.72, 2321337.0
1477950396.77, 2330229.0
1477950396.82, 2339121.0
1477950396.87, 2349495.0
1477950396.92, 2358387.0
1477950396.97, 2367279.0
1477950397.02, 2377653.0
1477950397.07, 2386545.0
1477950397.12, 2395437.0
1477950397.17, 2405811.0
1477950397.22, 2414703.0
1477950397.27, 2425077.0
1477950397.32, 2433969.0
1477950397.37, 2442861.0
1477950397.43, 2453235.0
1477950397.48, 2462127.0
1477950397.53, 2471019.0
1477950397.58, 2481393.0
1477950397.63, 2490285.0
1477950397.68, 2500659.0
1477950397.73, 2509551.0
1477950397.78, 2518443.0
1477950397.83, 2528817.0
1477950397.88, 2537709.0
1477950397.93, 2546804.0
1477950397.98, 2557178.0
1477950398.03, 2566070.0
1477950398.08, 2574962.0
1477950398.13, 2585336.0
1477950398.18, 2594228.0
1477950398.23, 2603120.0
1477950398.28, 2613494.0
1477950398.33, 2622386.0
1477950398.38, 2631278.0
1477950398.43, 2641652.0
1477950398.48, 2650544.0
1477950398.53, 2660918.0
1477950398.58, 2669810.0
1477950398.63, 2678702.0
1477950398.68, 2689076.0
1477950398.73, 2697968.0
1477950398.78, 2706860.0
1477950398.83, 2717234.0
1477950398.88, 2726126.0
1477950398.93, 2735018.0
1477950398.98, 2743910.0
1477950399.03, 2752802.0
1477950399.08, 2761694.0
1477950399.13, 2772068.0
1477950399.18, 2780960.0
1477950399.23, 2791334.0
1477950399.28, 2800226.0
1477950399.34, 2809118.0
1477950399.39, 2819492.0
1477950399.44, 2828384.0
1477950399.49, 2837276.0
1477950399.54, 2847650.0
1477950399.59, 2856542.0
1477950399.64, 2865434.0
1477950399.69, 2875808.0
1477950399.74, 2884700.0
1477950399.79, 2893592.0
1477950399.84, 2903966.0
1477950399.89, 2912858.0
1477950399.94, 2923232.0
1477950399.99, 2932124.0
1477950400.04, 2941016.0
1477950400.09, 2951390.0
1477950400.14, 2960485.0
1477950400.19, 2969377.0
1477950400.24, 2979751.0
1477950400.29, 2988643.0
1477950400.34, 2997535.0
1477950400.39, 3007909.0
1477950400.44, 3016801.0
1477950400.49, 3025693.0
1477950400.54, 3036067.0
1477950400.59, 3044959.0
1477950400.64, 3053851.0
1477950400.69, 3064225.0
1477950400.74, 3073117.0
1477950400.79, 3082009.0
1477950400.84, 3092383.0
1477950400.89, 3101275.0
1477950400.94, 3111649.0
1477950400.99, 3120541.0
1477950401.04, 3129433.0
1477950401.09, 3139807.0
1477950401.14, 3148699.0
1477950401.19, 3157591.0
1477950401.25, 3167965.0
1477950401.3, 3178339.0
1477950401.35, 3187231.0
1477950401.4, 3196123.0
1477950401.45, 3206497.0
1477950401.5, 3215389.0
1477950401.55, 3224281.0
1477950401.6, 3234655.0
1477950401.65, 3243547.0
1477950401.7, 3252439.0
1477950401.75, 3262813.0
1477950401.8, 3271705.0
1477950401.85, 3282079.0
1477950401.9, 3290971.0
1477950401.95, 3299863.0
1477950402.0, 3310237.0
1477950402.05, 3319129.0
1477950402.1, 3328021.0
1477950402.15, 3338395.0
1477950402.2, 3345805.0
1477950402.25, 3354697.0
1477950402.3, 3365071.0
1477950402.35, 3373963.0
1477950402.4, 3382855.0
1477950402.45, 3393229.0
1477950402.5, 3402121.0
1477950402.55, 3412495.0
1477950402.61, 3421387.0
1477950402.66, 3430279.0
1477950402.71, 3440653.0
1477950402.76, 3449545.0
1477950402.81, 3458437.0
1477950402.86, 3468811.0
1477950402.91, 3477703.0
1477950402.96, 3486595.0
1477950403.01, 3496969.0
1477950403.06, 3505861.0
1477950403.11, 3514753.0
1477950403.16, 3525127.0
1477950403.21, 3534019.0
1477950403.26, 3542911.0
1477950403.31, 3553285.0
1477950403.36, 3560695.0
1477950403.41, 3569587.0
1477950403.46, 3579961.0
1477950403.51, 3588853.0
1477950403.56, 3599227.0
1477950403.61, 3608119.0
1477950403.66, 3617011.0
1477950403.71, 3627385.0
1477950403.76, 3636277.0
1477950403.81, 3645169.0
1477950403.86, 3655543.0
1477950403.91, 3664435.0
1477950403.96, 3673327.0
1477950404.01, 3683701.0
1477950404.06, 3692593.0
1477950404.11, 3702967.0
1477950404.16, 3711859.0
1477950404.21, 3720751.0
1477950404.26, 3731125.0
1477950404.31, 3740017.0
1477950404.36, 3748909.0
1477950404.42, 3759283.0
1477950404.47, 3768175.0
1477950404.52, 3777067.0
1477950404.57, 3785959.0
1477950404.62, 3794851.0
1477950404.67, 3805225.0
1477950404.72, 3814117.0
1477950404.77, 3823009.0
1477950404.82, 3833383.0
1477950404.87, 3842275.0
1477950404.92, 3852649.0
1477950404.97, 3861541.0
1477950405.02, 3870433.0
1477950405.07, 3880807.0
1477950405.12, 3889699.0
1477950405.17, 3898591.0
1477950405.22, 3908965.0
1477950405.27, 3917857.0
1477950405.32, 3926749.0
1477950405.37, 3937123.0
1477950405.42, 3946015.0
1477950405.47, 3954907.0
1477950405.52, 3965281.0
1477950405.57, 3974173.0
1477950405.62, 3984547.0
1477950405.67, 3991957.0
1477950405.72, 4000849.0
1477950405.77, 4011223.0
1477950405.82, 4020115.0
1477950405.87, 4029007.0
1477950405.92, 4039381.0
1477950405.97, 4048273.0
1477950406.02, 4057165.0
1477950406.07, 4067539.0
1477950406.12, 4076431.0
1477950406.17, 4085323.0
1477950406.22, 4095697.0
1477950406.27, 4104589.0
1477950406.32, 4113481.0
1477950406.38, 4123855.0
1477950406.43, 4132747.0
1477950406.48, 4143121.0
1477950406.53, 4152013.0
1477950406.58, 4160905.0
1477950406.63, 4171279.0
1477950406.68, 4180171.0
1477950406.73, 4189063.0
1477950406.78, 4199437.0
1477950406.83, 4208329.0
1477950406.88, 4218703.0
1477950406.93, 4227595.0
1477950406.98, 4236487.0
1477950407.03, 4246861.0
1477950407.08, 4255753.0
1477950407.13, 4264645.0
1477950407.18, 4275019.0
1477950407.23, 4283911.0
1477950407.28, 4292803.0
1477950407.33, 4303177.0
1477950407.38, 4312069.0
1477950407.43, 4320961.0
1477950407.48, 4331335.0
1477950407.53, 4340227.0
1477950407.58, 4350601.0
1477950407.63, 4359493.0
1477950407.68, 4368385.0
1477950407.73, 4378759.0
1477950407.78, 4387651.0
1477950407.83, 4396543.0
1477950407.88, 4406917.0
1477950407.93, 4415809.0
1477950407.98, 4424701.0
1477950408.03, 4435075.0
1477950408.09, 4443967.0
1477950408.14, 4452859.0
1477950408.19, 4463233.0
1477950408.24, 4472125.0
1477950408.29, 4482499.0
1477950408.34, 4491391.0
1477950408.39, 4500283.0
1477950408.44, 4510657.0
1477950408.49, 4519549.0
1477950408.54, 4528441.0
1477950408.59, 4538815.0
1477950408.64, 4547707.0
1477950408.69, 4556599.0
1477950408.74, 4566973.0
1477950408.79, 4575865.0
1477950408.84, 4586239.0
1477950408.89, 4595131.0
1477950408.94, 4604023.0
1477950408.99, 4614397.0
1477950409.04, 4623289.0
1477950409.09, 4632181.0
1477950409.14, 4642555.0
1477950409.19, 4651447.0
1477950409.24, 4660339.0
1477950409.29, 4670713.0
1477950409.34, 4679605.0
1477950409.39, 4688497.0
1477950409.44, 4698871.0
1477950409.49, 4707763.0
1477950409.54, 4718137.0
1477950409.59, 4727029.0
1477950409.64, 4735921.0
1477950409.69, 4746295.0
1477950409.74, 4755187.0
1477950409.79, 4764079.0
1477950409.84, 4774453.0
1477950409.9, 4783345.0
1477950409.95, 4792237.0
1477950410.0, 4802611.0
1477950410.05, 4811503.0
1477950410.1, 4821877.0
1477950410.15, 4830769.0
1477950410.2, 4839661.0
1477950410.25, 4850035.0
1477950410.3, 4858927.0
1477950410.35, 4867819.0
1477950410.4, 4878193.0
1477950410.45, 4887085.0
1477950410.5, 4895977.0
1477950410.55, 4906351.0
1477950410.6, 4915243.0
1477950410.65, 4925617.0
1477950410.7, 4934509.0
1477950410.75, 4943401.0
1477950410.8, 4953775.0
1477950410.85, 4962667.0
1477950410.9, 4971559.0
1477950410.95, 4981933.0
1477950411.0, 4990825.0
1477950411.05, 4999717.0
1477950411.1, 5010091.0
1477950411.15, 5018983.0
1477950411.2, 5027875.0
1477950411.25, 5038249.0
1477950411.3, 5047141.0
1477950411.35, 5057515.0
1477950411.4, 5066407.0
1477950411.45, 5075299.0
1477950411.5, 5085673.0
1477950411.55, 5094565.0
1477950411.6, 5103457.0
1477950411.66, 5113831.0
1477950411.71, 5122723.0
1477950411.76, 5133097.0
1477950411.81, 5141989.0
1477950411.86, 5150881.0
1477950411.91, 5161255.0
1477950411.96, 5170147.0
1477950412.01, 5179039.0
1477950412.06, 5189413.0
1477950412.11, 5198305.0
1477950412.16, 5207197.0
1477950412.21, 5217571.0
1477950412.26, 5226463.0
1477950412.31, 5235355.0
1477950412.36, 5245729.0
1477950412.41, 5254621.0
1477950412.46, 5264995.0
1477950412.51, 5273887.0
1477950412.56, 5282779.0
1477950412.61, 5293153.0
1477950412.66, 5302045.0
1477950412.71, 5310937.0
1477950412.76, 5321311.0
1477950412.81, 5330203.0
1477950412.86, 5339095.0
1477950412.91, 5349469.0
1477950412.96, 5358361.0
1477950413.01, 5368735.0
1477950413.06, 5376187.0
1477950413.11, 5385079.0
1477950413.16, 5395453.0
1477950413.21, 5404345.0
1477950413.26, 5413237.0
1477950413.31, 5423611.0
1477950413.36, 5432503.0
1477950413.41, 5441395.0
1477950413.47, 5451769.0
1477950413.52, 5460661.0
1477950413.57, 5471035.0
1477950413.62, 5479927.0
1477950413.67, 5488819.0
1477950413.72, 5499193.0
1477950413.77, 5508085.0
1477950413.82, 5518459.0
1477950413.87, 5527351.0
1477950413.92, 5536243.0
1477950413.97, 5546617.0
1477950414.02, 5555509.0
1477950414.07, 5564443.0
