1477950382.85, 2686826.0
1477950383.0, 2715130.0
1477950383.12, 2737642.0
1477950383.22, 2758640.0
1477950383.33, 2779506.0
1477950383.43, 2800504.0
1477950383.53, 2824332.0
1477950383.63, 2839340.0
1477950383.72, 2855664.0
1477950383.8, 2869224.0
1477950383.92, 2885614.0
1477950384.04, 2909574.0
1477950384.1, 2919974.0
1477950384.15, 2928992.0
1477950384.2, 2935048.0
1477950384.25, 2944066.0
1477950384.3, 2953084.0
1477950384.35, 2957626.0
1477950384.4, 2962168.0
1477950384.45, 2969672.0
1477950384.5, 2972634.0
1477950384.55, 2974148.0
1477950384.6, 2974148.0
1477950384.65, 2975662.0
1477950384.7, 2975662.0
1477950384.75, 2975662.0
1477950384.8, 2975662.0
1477950384.85, 2975662.0
1477950384.9, 2975662.0
1477950384.95, 2975662.0
1477950385.0, 2975662.0
1477950385.06, 2975662.0
1477950385.11, 2975662.0
1477950385.16, 2975662.0
1477950385.21, 2975662.0
1477950385.26, 2975662.0
1477950385.31, 2975662.0
1477950385.36, 2975662.0
1477950385.41, 2975662.0
1477950385.46, 2975662.0
1477950385.51, 2975662.0
1477950385.56, 2975662.0
1477950385.61, 2975662.0
1477950385.66, 2977176.0
1477950385.71, 2980204.0
1477950385.76, 2980204.0
1477950385.81, 2984746.0
1477950385.86, 2990802.0
1477950385.91, 2993830.0
1477950385.96, 2996858.0
1477950386.01, 3002848.0
1477950386.06, 3002848.0
1477950386.11, 3002848.0
1477950386.16, 3002848.0
1477950386.22, 3002848.0
1477950386.27, 3002848.0
1477950386.32, 3002848.0
1477950386.37, 3002848.0
1477950386.42, 3002848.0
1477950386.47, 3002848.0
1477950386.52, 3002848.0
1477950386.57, 3002848.0
1477950386.62, 3002848.0
1477950386.67, 3002848.0
1477950386.72, 3002848.0
1477950386.77, 3002848.0
1477950386.82, 3002848.0
1477950386.87, 3002848.0
1477950386.92, 3002848.0
1477950386.97, 3002848.0
1477950387.02, 3004362.0
1477950387.07, 3004362.0
1477950387.12, 3004362.0
1477950387.17, 3007390.0
1477950387.22, 3007390.0
1477950387.27, 3010418.0
1477950387.32, 3010418.0
1477950387.37, 3010418.0
1477950387.42, 3010418.0
1477950387.47, 3010418.0
1477950387.53, 3010418.0
1477950387.58, 3010418.0
1477950387.63, 3010418.0
1477950387.68, 3010418.0
1477950387.73, 3010418.0
1477950387.78, 3010418.0
1477950387.83, 3010418.0
1477950387.88, 3010418.0
1477950387.93, 3010418.0
1477950387.98, 3010418.0
1477950388.03, 3010418.0
1477950388.08, 3010418.0
1477950388.13, 3010418.0
1477950388.18, 3010418.0
1477950388.23, 3010418.0
1477950388.28, 3011932.0
1477950388.33, 3011932.0
1477950388.38, 3011932.0
1477950388.43, 3014960.0
1477950388.48, 3014960.0
1477950388.53, 3014960.0
1477950388.58, 3014960.0
1477950388.63, 3014960.0
1477950388.68, 3014960.0
1477950388.73, 3014960.0
1477950388.78, 3014960.0
1477950388.83, 3014960.0
1477950388.88, 3014960.0
1477950388.93, 3014960.0
1477950388.98, 3014960.0
1477950389.03, 3014960.0
1477950389.08, 3014960.0
1477950389.13, 3014960.0
1477950389.18, 3014960.0
1477950389.23, 3014960.0
1477950389.28, 3014960.0
1477950389.33, 3014960.0
1477950389.38, 3014960.0
1477950389.43, 3016474.0
1477950389.48, 3016474.0
1477950389.53, 3016474.0
1477950389.58, 3016474.0
1477950389.63, 3016474.0
1477950389.68, 3016474.0
1477950389.73, 3016474.0
1477950389.78, 3016474.0
1477950389.84, 3016474.0
1477950389.89, 3016474.0
1477950389.94, 3016474.0
1477950389.99, 3016474.0
1477950390.04, 3016474.0
1477950390.09, 3016474.0
1477950390.14, 3016474.0
1477950390.19, 3016474.0
1477950390.24, 3016474.0
1477950390.29, 3016474.0
1477950390.34, 3016474.0
1477950390.39, 3016474.0
1477950390.44, 3016474.0
1477950390.49, 3016474.0
1477950390.54, 3016474.0
1477950390.59, 3016474.0
1477950390.64, 3016474.0
1477950390.69, 3016474.0
1477950390.74, 3016474.0
1477950390.79, 3016474.0
1477950390.84, 3016474.0
1477950390.89, 3016474.0
1477950390.94, 3016474.0
1477950390.99, 3016474.0
1477950391.04, 3016474.0
1477950391.09, 3016474.0
1477950391.14, 3016474.0
1477950391.19, 3016474.0
1477950391.24, 3016474.0
1477950391.29, 3016474.0
1477950391.34, 3016474.0
1477950391.39, 3016474.0
1477950391.44, 3016474.0
1477950391.49, 3017988.0
1477950391.55, 3017988.0
1477950391.6, 3017988.0
1477950391.65, 3021016.0
1477950391.7, 3021016.0
1477950391.75, 3021016.0
1477950391.8, 3021016.0
1477950391.85, 3021016.0
1477950391.9, 3021016.0
1477950391.95, 3021016.0
1477950392.0, 3021016.0
1477950392.05, 3021016.0
1477950392.1, 3021016.0
1477950392.15, 3021016.0
1477950392.2, 3021016.0
1477950392.25, 3021016.0
1477950392.3, 3021016.0
1477950392.35, 3021016.0
1477950392.4, 3021016.0
1477950392.45, 3021016.0
1477950392.5, 3021016.0
1477950392.55, 3021016.0
1477950392.6, 3021016.0
1477950392.65, 3022530.0
1477950392.7, 3022530.0
1477950392.75, 3022530.0
1477950392.8, 3022530.0
1477950392.85, 3022530.0
1477950392.9, 3022530.0
1477950392.95, 3022530.0
1477950393.0, 3022530.0
1477950393.05, 3022530.0
1477950393.1, 3022530.0
1477950393.15, 3022530.0
1477950393.2, 3022530.0
1477950393.25, 3022530.0
1477950393.3, 3022530.0
1477950393.36, 3022530.0
1477950393.41, 3022530.0
1477950393.46, 3022530.0
1477950393.51, 3022530.0
1477950393.56, 3022530.0
1477950393.61, 3022530.0
1477950393.66, 3022530.0
1477950393.71, 3022530.0
1477950393.76, 3022530.0
1477950393.81, 3022530.0
1477950393.86, 3022530.0
1477950393.91, 3022530.0
1477950393.96, 3022530.0
1477950394.01, 3022530.0
1477950394.06, 3022530.0
1477950394.11, 3022530.0
1477950394.16, 3022530.0
1477950394.21, 3022530.0
1477950394.26, 3022530.0
1477950394.31, 3022530.0
1477950394.36, 3022530.0
1477950394.41, 3022530.0
1477950394.46, 3022530.0
1477950394.51, 3022530.0
1477950394.56, 3022530.0
1477950394.61, 3022530.0
1477950394.66, 3022530.0
1477950394.71, 3024044.0
1477950394.76, 3024044.0
1477950394.81, 3024044.0
1477950394.86, 3024044.0
1477950394.91, 3024044.0
1477950394.96, 3024044.0
1477950395.01, 3024044.0
1477950395.06, 3024044.0
1477950395.11, 3024044.0
1477950395.16, 3024044.0
1477950395.21, 3024044.0
1477950395.26, 3024044.0
1477950395.31, 3024044.0
1477950395.36, 3024044.0
1477950395.41, 3024044.0
1477950395.47, 3024044.0
1477950395.52, 3024044.0
1477950395.57, 3024044.0
1477950395.62, 3024044.0
1477950395.67, 3024044.0
1477950395.72, 3024044.0
1477950395.77, 3024044.0
1477950395.82, 3024044.0
1477950395.87, 3024044.0
1477950395.92, 3024044.0
1477950395.97, 3024044.0
1477950396.02, 3024044.0
1477950396.07, 3024044.0
1477950396.12, 3024044.0
1477950396.17, 3024044.0
1477950396.22, 3024044.0
1477950396.27, 3024044.0
1477950396.32, 3024044.0
1477950396.37, 3024044.0
1477950396.42, 3024044.0
1477950396.47, 3024044.0
1477950396.52, 3024044.0
1477950396.57, 3024044.0
1477950396.62, 3024044.0
1477950396.67, 3024044.0
1477950396.72, 3024044.0
1477950396.77, 3024044.0
1477950396.82, 3024044.0
1477950396.87, 3024044.0
1477950396.92, 3024044.0
1477950396.97, 3024044.0
1477950397.02, 3024044.0
1477950397.07, 3024044.0
1477950397.12, 3024044.0
1477950397.17, 3024044.0
1477950397.22, 3024044.0
1477950397.27, 3024044.0
1477950397.32, 3024044.0
1477950397.37, 3024044.0
1477950397.43, 3024044.0
1477950397.48, 3024044.0
1477950397.53, 3024044.0
1477950397.58, 3024044.0
1477950397.63, 3024044.0
1477950397.68, 3024044.0
1477950397.73, 3024044.0
1477950397.78, 3024044.0
1477950397.83, 3024044.0
1477950397.88, 3024044.0
1477950397.93, 3024044.0
1477950397.98, 3024044.0
1477950398.03, 3024044.0
1477950398.08, 3024044.0
1477950398.13, 3024044.0
1477950398.18, 3024044.0
1477950398.23, 3024044.0
1477950398.28, 3024044.0
1477950398.33, 3024044.0
1477950398.38, 3024044.0
1477950398.43, 3024044.0
1477950398.48, 3024044.0
1477950398.53, 3024044.0
1477950398.58, 3024044.0
1477950398.63, 3024044.0
1477950398.68, 3024044.0
1477950398.73, 3024044.0
1477950398.78, 3024044.0
1477950398.83, 3025558.0
1477950398.88, 3025558.0
1477950398.93, 3025558.0
1477950398.98, 3028586.0
1477950399.03, 3028586.0
1477950399.08, 3028586.0
1477950399.13, 3028586.0
1477950399.18, 3028586.0
1477950399.23, 3028586.0
1477950399.28, 3028586.0
1477950399.34, 3028586.0
1477950399.39, 3028586.0
1477950399.44, 3028586.0
1477950399.49, 3028586.0
1477950399.54, 3028586.0
1477950399.59, 3028586.0
1477950399.64, 3028586.0
1477950399.69, 3028586.0
1477950399.74, 3028586.0
1477950399.79, 3028586.0
1477950399.84, 3028586.0
1477950399.89, 3028586.0
1477950399.94, 3028586.0
1477950399.99, 3030100.0
1477950400.04, 3030100.0
1477950400.09, 3030100.0
1477950400.14, 3030100.0
1477950400.19, 3030100.0
1477950400.24, 3030100.0
1477950400.29, 3030100.0
1477950400.34, 3030100.0
1477950400.39, 3030100.0
1477950400.44, 3030100.0
1477950400.49, 3030100.0
1477950400.54, 3030100.0
1477950400.59, 3030100.0
1477950400.64, 3030100.0
1477950400.69, 3030100.0
1477950400.74, 3030100.0
1477950400.79, 3030100.0
1477950400.84, 3030100.0
1477950400.89, 3030100.0
1477950400.94, 3030100.0
1477950400.99, 3030100.0
1477950401.04, 3030100.0
1477950401.09, 3030100.0
1477950401.14, 3030100.0
1477950401.19, 3030100.0
1477950401.25, 3030100.0
1477950401.3, 3030100.0
1477950401.35, 3030100.0
1477950401.4, 3030100.0
1477950401.45, 3030100.0
1477950401.5, 3030100.0
1477950401.55, 3030100.0
1477950401.6, 3030100.0
1477950401.65, 3030100.0
1477950401.7, 3030100.0
1477950401.75, 3030100.0
1477950401.8, 3030100.0
1477950401.85, 3030100.0
1477950401.9, 3030100.0
1477950401.95, 3030100.0
1477950402.0, 3030100.0
1477950402.05, 3031614.0
1477950402.1, 3031614.0
1477950402.15, 3031614.0
1477950402.2, 3034642.0
1477950402.25, 3034642.0
1477950402.3, 3034642.0
1477950402.35, 3034642.0
1477950402.4, 3034642.0
1477950402.45, 3034642.0
1477950402.5, 3034642.0
1477950402.55, 3034642.0
1477950402.61, 3034642.0
1477950402.66, 3034642.0
1477950402.71, 3034642.0
1477950402.76, 3034642.0
1477950402.81, 3034642.0
1477950402.86, 3034642.0
1477950402.91, 3034642.0
1477950402.96, 3034642.0
1477950403.01, 3034642.0
1477950403.06, 3034642.0
1477950403.11, 3034642.0
1477950403.16, 3034642.0
1477950403.21, 3036156.0
1477950403.26, 3036156.0
1477950403.31, 3036156.0
1477950403.36, 3039184.0
1477950403.41, 3039184.0
1477950403.46, 3039184.0
1477950403.51, 3039184.0
1477950403.56, 3039184.0
1477950403.61, 3039184.0
1477950403.66, 3039184.0
1477950403.71, 3039184.0
1477950403.76, 3039184.0
1477950403.81, 3039184.0
1477950403.86, 3039184.0
1477950403.91, 3039184.0
1477950403.96, 3039226.0
1477950404.01, 3039226.0
1477950404.06, 3039226.0
1477950404.11, 3039226.0
1477950404.16, 3039226.0
1477950404.21, 3039226.0
1477950404.26, 3039226.0
1477950404.31, 3039226.0
1477950404.36, 3039226.0
1477950404.42, 3040740.0
1477950404.47, 3040740.0
1477950404.52, 3043768.0
1477950404.57, 3043768.0
1477950404.62, 3043768.0
1477950404.67, 3043768.0
1477950404.72, 3043768.0
1477950404.77, 3043768.0
1477950404.82, 3043768.0
1477950404.87, 3043768.0
1477950404.92, 3043768.0
1477950404.97, 3043810.0
1477950405.02, 3043810.0
1477950405.07, 3043810.0
1477950405.12, 3043810.0
1477950405.17, 3043810.0
1477950405.22, 3043810.0
1477950405.27, 3043810.0
1477950405.32, 3043810.0
1477950405.37, 3043810.0
1477950405.42, 3043810.0
1477950405.47, 3043810.0
1477950405.52, 3043810.0
1477950405.57, 3045324.0
1477950405.62, 3045324.0
1477950405.67, 3045324.0
1477950405.72, 3048352.0
1477950405.77, 3048352.0
1477950405.82, 3048352.0
1477950405.87, 3048352.0
1477950405.92, 3048352.0
1477950405.97, 3048394.0
1477950406.02, 3048394.0
1477950406.07, 3048394.0
1477950406.12, 3048394.0
1477950406.17, 3048394.0
1477950406.22, 3048394.0
1477950406.27, 3048394.0
1477950406.32, 3048394.0
1477950406.38, 3048394.0
1477950406.43, 3048394.0
1477950406.48, 3048394.0
1477950406.53, 3048394.0
1477950406.58, 3048394.0
1477950406.63, 3048394.0
1477950406.68, 3048394.0
1477950406.73, 3049908.0
1477950406.78, 3049908.0
1477950406.83, 3049908.0
1477950406.88, 3049908.0
1477950406.93, 3049908.0
1477950406.98, 3049908.0
1477950407.03, 3049908.0
1477950407.08, 3049908.0
1477950407.13, 3049908.0
1477950407.18, 3049908.0
1477950407.23, 3049908.0
1477950407.28, 3049908.0
1477950407.33, 3049908.0
1477950407.38, 3049908.0
1477950407.43, 3049908.0
1477950407.48, 3049908.0
1477950407.53, 3049908.0
1477950407.58, 3049908.0
1477950407.63, 3049908.0
1477950407.68, 3049908.0
1477950407.73, 3049908.0
1477950407.78, 3049908.0
1477950407.83, 3049908.0
1477950407.88, 3049908.0
1477950407.93, 3049908.0
1477950407.98, 3049908.0
1477950408.03, 3049908.0
1477950408.09, 3049908.0
1477950408.14, 3049908.0
1477950408.19, 3049908.0
1477950408.24, 3049908.0
1477950408.29, 3049908.0
1477950408.34, 3049908.0
1477950408.39, 3049908.0
1477950408.44, 3049908.0
1477950408.49, 3049908.0
1477950408.54, 3049908.0
1477950408.59, 3049908.0
1477950408.64, 3049908.0
1477950408.69, 3049908.0
1477950408.74, 3049908.0
1477950408.79, 3051422.0
1477950408.84, 3051422.0
1477950408.89, 3051422.0
1477950408.94, 3051422.0
1477950408.99, 3051422.0
1477950409.04, 3051422.0
1477950409.09, 3051422.0
1477950409.14, 3051422.0
1477950409.19, 3051422.0
1477950409.24, 3051422.0
1477950409.29, 3051422.0
1477950409.34, 3051422.0
1477950409.39, 3051422.0
1477950409.44, 3051422.0
1477950409.49, 3051422.0
1477950409.54, 3051422.0
1477950409.59, 3051422.0
1477950409.64, 3051422.0
1477950409.69, 3051422.0
1477950409.74, 3051422.0
1477950409.79, 3051422.0
1477950409.84, 3051422.0
1477950409.9, 3051422.0
1477950409.95, 3051422.0
1477950410.0, 3051422.0
1477950410.05, 3051422.0
1477950410.1, 3051422.0
1477950410.15, 3051422.0
1477950410.2, 3051422.0
1477950410.25, 3051422.0
1477950410.3, 3051422.0
1477950410.35, 3051422.0
1477950410.4, 3051422.0
1477950410.45, 3051422.0
1477950410.5, 3051422.0
1477950410.55, 3051422.0
1477950410.6, 3051422.0
1477950410.65, 3051422.0
1477950410.7, 3051422.0
1477950410.75, 3051422.0
1477950410.8, 3051422.0
1477950410.85, 3051422.0
1477950410.9, 3051422.0
1477950410.95, 3051422.0
1477950411.0, 3051422.0
1477950411.05, 3051422.0
1477950411.1, 3051422.0
1477950411.15, 3051422.0
1477950411.2, 3051422.0
1477950411.25, 3051422.0
1477950411.3, 3051422.0
1477950411.35, 3051422.0
1477950411.4, 3051422.0
1477950411.45, 3051422.0
1477950411.5, 3051422.0
1477950411.55, 3051422.0
1477950411.6, 3051422.0
1477950411.66, 3051422.0
1477950411.71, 3051422.0
1477950411.76, 3051422.0
1477950411.81, 3051422.0
1477950411.86, 3051422.0
1477950411.91, 3051422.0
1477950411.96, 3051422.0
1477950412.01, 3051422.0
1477950412.06, 3051422.0
1477950412.11, 3051422.0
1477950412.16, 3051422.0
1477950412.21, 3051422.0
1477950412.26, 3051422.0
1477950412.31, 3051422.0
1477950412.36, 3051422.0
1477950412.41, 3051422.0
1477950412.46, 3051422.0
1477950412.51, 3051422.0
1477950412.56, 3051422.0
1477950412.61, 3051422.0
1477950412.66, 3051422.0
1477950412.71, 3051422.0
1477950412.76, 3051422.0
1477950412.81, 3051422.0
1477950412.86, 3051422.0
1477950412.91, 3051422.0
1477950412.96, 3052936.0
1477950413.01, 3052936.0
1477950413.06, 3052978.0
1477950413.11, 3052978.0
1477950413.16, 3052978.0
1477950413.21, 3052978.0
1477950413.26, 3052978.0
1477950413.31, 3052978.0
1477950413.36, 3052978.0
1477950413.41, 3052978.0
1477950413.47, 3052978.0
1477950413.52, 3052978.0
1477950413.57, 3052978.0
1477950413.62, 3052978.0
1477950413.67, 3052978.0
1477950413.72, 3052978.0
1477950413.77, 3052978.0
1477950413.82, 3052978.0
1477950413.87, 3052978.0
1477950413.92, 3052978.0
1477950413.97, 3052978.0
1477950414.02, 3052978.0
1477950414.07, 3053020.0
