1477950213.21, 1195.0
1477950213.33, 1203.0
1477950213.44, 1210.0
1477950213.55, 1216.0
1477950213.66, 1223.0
1477950213.78, 1231.0
1477950213.88, 1239.0
1477950213.99, 1245.0
1477950214.09, 1252.0
1477950214.21, 1260.0
1477950214.31, 1268.0
1477950214.46, 1283.0
1477950214.58, 1291.0
1477950214.66, 1298.0
1477950214.71, 1300.0
1477950214.76, 1302.0
1477950214.81, 1304.0
1477950214.86, 1308.0
1477950214.92, 1311.0
1477950214.97, 1312.0
1477950215.02, 1313.0
1477950215.07, 1315.0
1477950215.12, 1318.0
1477950215.17, 1320.0
1477950215.22, 1322.0
1477950215.27, 1323.0
1477950215.32, 1325.0
1477950215.37, 1328.0
1477950215.42, 1330.0
1477950215.47, 1331.0
1477950215.53, 1333.0
1477950215.58, 1334.0
1477950215.63, 1336.0
1477950215.68, 1338.0
1477950215.73, 1340.0
1477950215.78, 1342.0
1477950215.83, 1343.0
1477950215.88, 1346.0
1477950215.93, 1347.0
1477950215.98, 1350.0
1477950216.03, 1352.0
1477950216.08, 1355.0
1477950216.13, 1356.0
1477950216.18, 1357.0
1477950216.23, 1357.0
1477950216.28, 1357.0
1477950216.33, 1359.0
1477950216.38, 1359.0
1477950216.43, 1362.0
1477950216.48, 1362.0
1477950216.53, 1362.0
1477950216.58, 1363.0
1477950216.63, 1363.0
1477950216.68, 1364.0
1477950216.73, 1364.0
1477950216.79, 1364.0
1477950216.84, 1364.0
1477950216.89, 1364.0
1477950216.94, 1364.0
1477950216.99, 1364.0
1477950217.04, 1364.0
1477950217.09, 1364.0
1477950217.14, 1364.0
1477950217.19, 1364.0
1477950217.24, 1364.0
1477950217.29, 1364.0
1477950217.34, 1364.0
1477950217.39, 1364.0
1477950217.44, 1364.0
1477950217.49, 1364.0
1477950217.54, 1364.0
1477950217.59, 1364.0
1477950217.64, 1364.0
1477950217.69, 1364.0
1477950217.74, 1364.0
1477950217.79, 1364.0
1477950217.84, 1364.0
1477950217.89, 1364.0
1477950217.94, 1364.0
1477950217.99, 1364.0
1477950218.04, 1364.0
1477950218.09, 1364.0
1477950218.15, 1364.0
1477950218.2, 1364.0
1477950218.25, 1364.0
1477950218.3, 1364.0
1477950218.35, 1364.0
1477950218.4, 1364.0
1477950218.45, 1364.0
1477950218.5, 1364.0
1477950218.55, 1364.0
1477950218.6, 1364.0
1477950218.65, 1364.0
1477950218.7, 1364.0
1477950218.75, 1364.0
1477950218.8, 1364.0
1477950218.85, 1364.0
1477950218.9, 1364.0
1477950218.95, 1364.0
1477950219.0, 1364.0
1477950219.05, 1364.0
1477950219.1, 1364.0
1477950219.15, 1364.0
1477950219.2, 1364.0
1477950219.25, 1364.0
1477950219.3, 1364.0
1477950219.35, 1364.0
1477950219.4, 1364.0
1477950219.45, 1364.0
1477950219.5, 1364.0
1477950219.55, 1364.0
1477950219.61, 1364.0
1477950219.66, 1364.0
1477950219.71, 1364.0
1477950219.76, 1364.0
1477950219.81, 1364.0
1477950219.86, 1364.0
1477950219.91, 1364.0
1477950219.96, 1364.0
1477950220.01, 1364.0
1477950220.06, 1364.0
1477950220.11, 1364.0
1477950220.16, 1364.0
1477950220.21, 1364.0
1477950220.26, 1364.0
1477950220.31, 1364.0
1477950220.36, 1364.0
1477950220.41, 1364.0
1477950220.46, 1364.0
1477950220.51, 1364.0
1477950220.56, 1364.0
1477950220.61, 1364.0
1477950220.66, 1364.0
1477950220.71, 1364.0
1477950220.76, 1364.0
1477950220.81, 1364.0
1477950220.86, 1364.0
1477950220.91, 1364.0
1477950220.96, 1364.0
1477950221.01, 1364.0
1477950221.06, 1364.0
1477950221.11, 1364.0
1477950221.16, 1364.0
1477950221.21, 1364.0
1477950221.27, 1364.0
1477950221.32, 1364.0
1477950221.37, 1364.0
1477950221.42, 1364.0
1477950221.47, 1364.0
1477950221.52, 1364.0
1477950221.57, 1364.0
1477950221.62, 1364.0
1477950221.67, 1364.0
1477950221.72, 1364.0
1477950221.77, 1364.0
1477950221.82, 1364.0
1477950221.87, 1364.0
1477950221.92, 1364.0
1477950221.97, 1364.0
1477950222.02, 1364.0
1477950222.07, 1364.0
1477950222.12, 1364.0
1477950222.17, 1364.0
1477950222.22, 1364.0
1477950222.27, 1364.0
1477950222.32, 1364.0
1477950222.37, 1364.0
1477950222.42, 1364.0
1477950222.47, 1364.0
1477950222.52, 1364.0
1477950222.57, 1364.0
1477950222.62, 1364.0
1477950222.67, 1364.0
1477950222.72, 1364.0
1477950222.78, 1364.0
1477950222.83, 1364.0
1477950222.88, 1364.0
1477950222.93, 1364.0
1477950222.98, 1364.0
1477950223.03, 1364.0
1477950223.08, 1364.0
1477950223.13, 1364.0
1477950223.18, 1364.0
1477950223.23, 1364.0
1477950223.28, 1364.0
1477950223.33, 1364.0
1477950223.38, 1364.0
1477950223.43, 1364.0
1477950223.48, 1364.0
1477950223.53, 1364.0
1477950223.58, 1364.0
1477950223.63, 1364.0
1477950223.68, 1364.0
1477950223.73, 1364.0
1477950223.78, 1364.0
1477950223.84, 1364.0
1477950223.89, 1364.0
1477950223.94, 1364.0
1477950223.99, 1364.0
1477950224.04, 1364.0
1477950224.09, 1364.0
1477950224.14, 1364.0
1477950224.19, 1364.0
1477950224.24, 1364.0
1477950224.29, 1364.0
1477950224.34, 1364.0
1477950224.39, 1364.0
1477950224.44, 1364.0
1477950224.49, 1364.0
1477950224.54, 1364.0
1477950224.59, 1364.0
1477950224.64, 1364.0
1477950224.7, 1364.0
1477950224.75, 1364.0
1477950224.8, 1364.0
1477950224.85, 1364.0
1477950224.9, 1364.0
1477950224.95, 1364.0
1477950225.0, 1364.0
1477950225.05, 1364.0
1477950225.1, 1364.0
1477950225.15, 1364.0
1477950225.2, 1364.0
1477950225.25, 1364.0
1477950225.3, 1364.0
1477950225.35, 1364.0
1477950225.4, 1364.0
1477950225.45, 1364.0
1477950225.52, 1364.0
1477950225.57, 1364.0
1477950225.62, 1364.0
1477950225.68, 1364.0
1477950225.73, 1364.0
1477950225.78, 1364.0
1477950225.83, 1364.0
1477950225.88, 1364.0
1477950225.93, 1364.0
1477950225.98, 1364.0
1477950226.03, 1364.0
1477950226.08, 1364.0
1477950226.13, 1364.0
1477950226.18, 1364.0
1477950226.24, 1364.0
1477950226.29, 1364.0
1477950226.34, 1364.0
1477950226.39, 1364.0
1477950226.44, 1364.0
1477950226.49, 1364.0
1477950226.54, 1364.0
1477950226.59, 1364.0
1477950226.64, 1364.0
1477950226.69, 1364.0
1477950226.74, 1364.0
1477950226.79, 1364.0
1477950226.84, 1364.0
1477950226.89, 1364.0
1477950226.94, 1364.0
1477950226.99, 1364.0
1477950227.04, 1364.0
1477950227.09, 1364.0
1477950227.14, 1364.0
1477950227.19, 1364.0
1477950227.24, 1364.0
1477950227.29, 1364.0
1477950227.34, 1364.0
1477950227.39, 1364.0
1477950227.44, 1364.0
1477950227.49, 1364.0
1477950227.54, 1364.0
1477950227.59, 1364.0
1477950227.64, 1364.0
1477950227.69, 1364.0
1477950227.74, 1364.0
1477950227.79, 1364.0
1477950227.84, 1364.0
1477950227.9, 1364.0
1477950227.95, 1364.0
1477950228.0, 1364.0
1477950228.05, 1364.0
1477950228.1, 1364.0
1477950228.15, 1364.0
1477950228.2, 1364.0
1477950228.25, 1364.0
1477950228.3, 1364.0
1477950228.35, 1364.0
1477950228.4, 1364.0
1477950228.45, 1364.0
1477950228.5, 1364.0
1477950228.55, 1364.0
1477950228.6, 1364.0
1477950228.65, 1364.0
1477950228.7, 1364.0
1477950228.75, 1364.0
1477950228.8, 1364.0
1477950228.85, 1364.0
1477950228.9, 1364.0
1477950228.95, 1364.0
1477950229.0, 1364.0
1477950229.05, 1364.0
1477950229.1, 1364.0
1477950229.15, 1364.0
1477950229.2, 1364.0
1477950229.25, 1364.0
1477950229.3, 1364.0
1477950229.35, 1364.0
1477950229.41, 1364.0
1477950229.46, 1364.0
1477950229.51, 1364.0
1477950229.56, 1364.0
1477950229.61, 1364.0
1477950229.66, 1364.0
1477950229.71, 1364.0
1477950229.76, 1364.0
1477950229.81, 1364.0
1477950229.86, 1364.0
1477950229.91, 1364.0
1477950229.96, 1364.0
1477950230.01, 1364.0
1477950230.06, 1364.0
1477950230.11, 1364.0
1477950230.16, 1364.0
1477950230.21, 1364.0
1477950230.26, 1364.0
1477950230.31, 1365.0
1477950230.36, 1365.0
1477950230.41, 1365.0
1477950230.46, 1365.0
1477950230.51, 1365.0
1477950230.56, 1365.0
1477950230.61, 1365.0
1477950230.66, 1365.0
1477950230.71, 1365.0
1477950230.76, 1365.0
1477950230.81, 1365.0
1477950230.86, 1365.0
1477950230.91, 1365.0
1477950230.96, 1365.0
1477950231.01, 1365.0
1477950231.06, 1365.0
1477950231.12, 1365.0
1477950231.17, 1365.0
1477950231.22, 1365.0
1477950231.27, 1365.0
1477950231.32, 1365.0
1477950231.37, 1365.0
1477950231.42, 1365.0
1477950231.47, 1365.0
1477950231.52, 1365.0
1477950231.57, 1365.0
1477950231.62, 1365.0
1477950231.67, 1365.0
1477950231.72, 1365.0
1477950231.77, 1365.0
1477950231.82, 1365.0
1477950231.87, 1365.0
1477950231.92, 1365.0
1477950231.97, 1365.0
1477950232.02, 1365.0
1477950232.07, 1365.0
1477950232.12, 1365.0
1477950232.17, 1365.0
1477950232.22, 1365.0
1477950232.27, 1365.0
1477950232.32, 1365.0
1477950232.37, 1365.0
1477950232.42, 1365.0
1477950232.47, 1365.0
1477950232.52, 1365.0
1477950232.57, 1365.0
1477950232.62, 1365.0
1477950232.67, 1365.0
1477950232.72, 1365.0
1477950232.77, 1365.0
1477950232.82, 1365.0
1477950232.87, 1365.0
1477950232.92, 1365.0
1477950232.97, 1365.0
1477950233.02, 1365.0
1477950233.07, 1365.0
1477950233.12, 1365.0
1477950233.17, 1365.0
1477950233.22, 1365.0
1477950233.28, 1365.0
1477950233.33, 1365.0
1477950233.38, 1365.0
1477950233.43, 1365.0
1477950233.48, 1365.0
1477950233.53, 1365.0
1477950233.58, 1365.0
1477950233.63, 1365.0
1477950233.68, 1365.0
1477950233.73, 1365.0
1477950233.78, 1365.0
1477950233.83, 1365.0
1477950233.88, 1365.0
1477950233.93, 1365.0
1477950233.98, 1365.0
1477950234.03, 1365.0
1477950234.08, 1365.0
1477950234.13, 1365.0
1477950234.18, 1365.0
1477950234.23, 1365.0
1477950234.28, 1365.0
1477950234.33, 1365.0
1477950234.38, 1365.0
1477950234.43, 1365.0
1477950234.48, 1365.0
1477950234.53, 1365.0
1477950234.58, 1365.0
1477950234.63, 1365.0
1477950234.68, 1365.0
1477950234.73, 1365.0
1477950234.78, 1365.0
1477950234.83, 1365.0
1477950234.89, 1365.0
1477950234.94, 1365.0
1477950234.99, 1365.0
1477950235.04, 1365.0
1477950235.09, 1365.0
1477950235.14, 1365.0
1477950235.19, 1365.0
1477950235.24, 1365.0
1477950235.29, 1365.0
1477950235.34, 1365.0
1477950235.39, 1365.0
1477950235.44, 1365.0
1477950235.49, 1365.0
1477950235.54, 1365.0
1477950235.59, 1365.0
1477950235.65, 1365.0
1477950235.7, 1365.0
1477950235.75, 1365.0
1477950235.8, 1365.0
1477950235.85, 1365.0
1477950235.9, 1365.0
1477950235.95, 1365.0
1477950236.01, 1365.0
1477950236.06, 1365.0
1477950236.11, 1365.0
1477950236.16, 1365.0
1477950236.23, 1365.0
1477950236.28, 1365.0
1477950236.33, 1365.0
1477950236.38, 1365.0
1477950236.43, 1365.0
1477950236.48, 1365.0
1477950236.53, 1365.0
1477950236.58, 1365.0
1477950236.63, 1365.0
1477950236.68, 1365.0
1477950236.73, 1365.0
1477950236.78, 1365.0
1477950236.84, 1365.0
1477950236.89, 1365.0
1477950236.94, 1365.0
1477950236.99, 1365.0
1477950237.04, 1365.0
1477950237.09, 1365.0
1477950237.14, 1365.0
1477950237.19, 1365.0
1477950237.24, 1365.0
1477950237.29, 1365.0
1477950237.34, 1365.0
1477950237.39, 1365.0
1477950237.44, 1365.0
1477950237.49, 1365.0
1477950237.55, 1365.0
1477950237.6, 1365.0
1477950237.65, 1365.0
1477950237.7, 1365.0
1477950237.75, 1365.0
1477950237.8, 1365.0
1477950237.85, 1365.0
1477950237.9, 1365.0
1477950237.95, 1365.0
1477950238.0, 1366.0
1477950238.05, 1366.0
1477950238.1, 1366.0
1477950238.15, 1366.0
1477950238.2, 1366.0
1477950238.25, 1366.0
1477950238.3, 1366.0
1477950238.35, 1366.0
1477950238.4, 1366.0
1477950238.45, 1366.0
1477950238.5, 1366.0
1477950238.55, 1366.0
1477950238.6, 1366.0
1477950238.65, 1366.0
1477950238.7, 1366.0
1477950238.75, 1366.0
1477950238.8, 1366.0
1477950238.85, 1366.0
1477950238.9, 1366.0
1477950238.95, 1366.0
1477950239.0, 1366.0
1477950239.05, 1366.0
1477950239.1, 1366.0
1477950239.15, 1366.0
1477950239.2, 1366.0
1477950239.26, 1366.0
1477950239.31, 1366.0
1477950239.36, 1366.0
1477950239.41, 1366.0
1477950239.46, 1366.0
1477950239.51, 1366.0
1477950239.56, 1366.0
1477950239.61, 1366.0
1477950239.66, 1366.0
1477950239.71, 1366.0
1477950239.76, 1366.0
1477950239.81, 1366.0
1477950239.86, 1366.0
1477950239.91, 1366.0
1477950239.96, 1366.0
1477950240.01, 1366.0
1477950240.06, 1366.0
1477950240.11, 1366.0
1477950240.16, 1366.0
1477950240.21, 1366.0
1477950240.26, 1366.0
1477950240.31, 1366.0
1477950240.36, 1366.0
1477950240.41, 1366.0
1477950240.46, 1366.0
1477950240.51, 1366.0
1477950240.56, 1366.0
1477950240.61, 1366.0
1477950240.66, 1366.0
1477950240.71, 1366.0
1477950240.76, 1366.0
1477950240.81, 1366.0
1477950240.86, 1366.0
1477950240.91, 1366.0
1477950240.96, 1366.0
1477950241.02, 1366.0
1477950241.07, 1366.0
1477950241.12, 1366.0
1477950241.17, 1366.0
1477950241.22, 1366.0
1477950241.27, 1366.0
1477950241.32, 1366.0
1477950241.37, 1366.0
1477950241.42, 1366.0
1477950241.47, 1366.0
1477950241.52, 1366.0
1477950241.57, 1366.0
1477950241.62, 1366.0
1477950241.67, 1366.0
1477950241.72, 1366.0
1477950241.77, 1366.0
1477950241.82, 1366.0
1477950241.87, 1366.0
1477950241.93, 1366.0
1477950241.98, 1366.0
1477950242.03, 1366.0
1477950242.08, 1366.0
1477950242.13, 1366.0
1477950242.18, 1366.0
1477950242.23, 1366.0
1477950242.28, 1366.0
1477950242.33, 1366.0
1477950242.38, 1366.0
1477950242.43, 1366.0
1477950242.48, 1366.0
1477950242.53, 1366.0
1477950242.58, 1366.0
1477950242.63, 1366.0
1477950242.68, 1366.0
1477950242.74, 1366.0
1477950242.79, 1366.0
1477950242.84, 1366.0
1477950242.89, 1366.0
1477950242.94, 1366.0
1477950242.99, 1366.0
1477950243.04, 1366.0
1477950243.09, 1366.0
1477950243.14, 1366.0
1477950243.19, 1366.0
1477950243.24, 1366.0
1477950243.29, 1366.0
1477950243.34, 1366.0
1477950243.39, 1366.0
1477950243.44, 1366.0
1477950243.49, 1366.0
1477950243.54, 1366.0
1477950243.59, 1366.0
1477950243.64, 1366.0
1477950243.69, 1366.0
1477950243.74, 1366.0
1477950243.79, 1366.0
1477950243.84, 1366.0
1477950243.89, 1366.0
1477950243.94, 1366.0
1477950243.99, 1366.0
1477950244.04, 1366.0
1477950244.1, 1366.0
1477950244.15, 1366.0
1477950244.2, 1366.0
1477950244.25, 1366.0
1477950244.3, 1366.0
1477950244.35, 1366.0
1477950244.4, 1366.0
1477950244.45, 1366.0
1477950244.5, 1366.0
1477950244.55, 1366.0
1477950244.6, 1366.0
1477950244.65, 1366.0
