1477950213.21, 2419617.0
1477950213.33, 2440351.0
1477950213.44, 2462599.0
1477950213.55, 2480371.0
1477950213.66, 2501105.0
1477950213.78, 2523353.0
1477950213.88, 2544290.0
1477950213.99, 2562062.0
1477950214.09, 2581348.0
1477950214.21, 2602285.0
1477950214.31, 2623222.0
1477950214.46, 2648600.0
1477950214.58, 2669460.0
1477950214.66, 2681392.0
1477950214.71, 2682990.0
1477950214.76, 2685994.0
1477950214.81, 2686078.0
1477950214.86, 2687718.0
1477950214.92, 2689316.0
1477950214.97, 2689358.0
1477950215.02, 2689400.0
1477950215.07, 2690956.0
1477950215.12, 2691082.0
1477950215.17, 2691166.0
1477950215.22, 2691250.0
1477950215.27, 2691292.0
1477950215.32, 2691376.0
1477950215.37, 2691502.0
1477950215.42, 2691586.0
1477950215.47, 2691628.0
1477950215.53, 2691712.0
1477950215.58, 2691754.0
1477950215.63, 2691838.0
1477950215.68, 2691922.0
1477950215.73, 2692006.0
1477950215.78, 2692090.0
1477950215.83, 2692132.0
1477950215.88, 2692258.0
1477950215.93, 2692300.0
1477950215.98, 2692426.0
1477950216.03, 2692510.0
1477950216.08, 2692636.0
1477950216.13, 2692678.0
1477950216.18, 2694192.0
1477950216.23, 2694192.0
1477950216.28, 2694192.0
1477950216.33, 2697220.0
1477950216.38, 2697220.0
1477950216.43, 2700290.0
1477950216.48, 2700290.0
1477950216.53, 2700290.0
1477950216.58, 2701804.0
1477950216.63, 2701804.0
1477950216.68, 2703318.0
1477950216.73, 2703318.0
1477950216.79, 2703318.0
1477950216.84, 2703318.0
1477950216.89, 2703318.0
1477950216.94, 2703318.0
1477950216.99, 2703318.0
1477950217.04, 2703318.0
1477950217.09, 2703318.0
1477950217.14, 2703318.0
1477950217.19, 2703318.0
1477950217.24, 2703318.0
1477950217.29, 2703318.0
1477950217.34, 2703318.0
1477950217.39, 2703318.0
1477950217.44, 2703318.0
1477950217.49, 2703318.0
1477950217.54, 2703318.0
1477950217.59, 2703318.0
1477950217.64, 2703318.0
1477950217.69, 2703318.0
1477950217.74, 2703318.0
1477950217.79, 2703318.0
1477950217.84, 2703318.0
1477950217.89, 2703318.0
1477950217.94, 2703318.0
1477950217.99, 2703318.0
1477950218.04, 2703318.0
1477950218.09, 2703318.0
1477950218.15, 2703318.0
1477950218.2, 2703318.0
1477950218.25, 2703318.0
1477950218.3, 2703318.0
1477950218.35, 2703318.0
1477950218.4, 2703318.0
1477950218.45, 2703318.0
1477950218.5, 2703318.0
1477950218.55, 2703318.0
1477950218.6, 2703318.0
1477950218.65, 2703318.0
1477950218.7, 2703318.0
1477950218.75, 2703318.0
1477950218.8, 2703318.0
1477950218.85, 2703318.0
1477950218.9, 2703318.0
1477950218.95, 2703318.0
1477950219.0, 2703318.0
1477950219.05, 2703318.0
1477950219.1, 2703318.0
1477950219.15, 2703318.0
1477950219.2, 2703318.0
1477950219.25, 2703318.0
1477950219.3, 2703318.0
1477950219.35, 2703318.0
1477950219.4, 2703318.0
1477950219.45, 2703318.0
1477950219.5, 2703318.0
1477950219.55, 2703318.0
1477950219.61, 2703318.0
1477950219.66, 2703318.0
1477950219.71, 2703318.0
1477950219.76, 2703318.0
1477950219.81, 2703318.0
1477950219.86, 2703318.0
1477950219.91, 2703318.0
1477950219.96, 2703318.0
1477950220.01, 2703318.0
1477950220.06, 2703318.0
1477950220.11, 2703318.0
1477950220.16, 2703318.0
1477950220.21, 2703318.0
1477950220.26, 2703318.0
1477950220.31, 2703318.0
1477950220.36, 2703318.0
1477950220.41, 2703318.0
1477950220.46, 2703318.0
1477950220.51, 2703318.0
1477950220.56, 2703318.0
1477950220.61, 2703318.0
1477950220.66, 2703318.0
1477950220.71, 2703318.0
1477950220.76, 2703318.0
1477950220.81, 2703318.0
1477950220.86, 2703318.0
1477950220.91, 2703318.0
1477950220.96, 2703318.0
1477950221.01, 2703318.0
1477950221.06, 2703318.0
1477950221.11, 2703318.0
1477950221.16, 2703318.0
1477950221.21, 2703318.0
1477950221.27, 2703318.0
1477950221.32, 2703318.0
1477950221.37, 2703318.0
1477950221.42, 2703318.0
1477950221.47, 2703318.0
1477950221.52, 2703318.0
1477950221.57, 2703318.0
1477950221.62, 2703318.0
1477950221.67, 2703318.0
1477950221.72, 2703318.0
1477950221.77, 2703318.0
1477950221.82, 2703318.0
1477950221.87, 2703318.0
1477950221.92, 2703318.0
1477950221.97, 2703318.0
1477950222.02, 2703318.0
1477950222.07, 2703318.0
1477950222.12, 2703318.0
1477950222.17, 2703318.0
1477950222.22, 2703318.0
1477950222.27, 2703318.0
1477950222.32, 2703318.0
1477950222.37, 2703318.0
1477950222.42, 2703318.0
1477950222.47, 2703318.0
1477950222.52, 2703318.0
1477950222.57, 2703318.0
1477950222.62, 2703318.0
1477950222.67, 2703318.0
1477950222.72, 2703318.0
1477950222.78, 2703318.0
1477950222.83, 2703318.0
1477950222.88, 2703318.0
1477950222.93, 2703318.0
1477950222.98, 2703318.0
1477950223.03, 2703318.0
1477950223.08, 2703318.0
1477950223.13, 2703318.0
1477950223.18, 2703318.0
1477950223.23, 2703318.0
1477950223.28, 2703318.0
1477950223.33, 2703318.0
1477950223.38, 2703318.0
1477950223.43, 2703318.0
1477950223.48, 2703318.0
1477950223.53, 2703318.0
1477950223.58, 2703318.0
1477950223.63, 2703318.0
1477950223.68, 2703318.0
1477950223.73, 2703318.0
1477950223.78, 2703318.0
1477950223.84, 2703318.0
1477950223.89, 2703318.0
1477950223.94, 2703318.0
1477950223.99, 2703318.0
1477950224.04, 2703318.0
1477950224.09, 2703318.0
1477950224.14, 2703318.0
1477950224.19, 2703318.0
1477950224.24, 2703318.0
1477950224.29, 2703318.0
1477950224.34, 2703318.0
1477950224.39, 2703318.0
1477950224.44, 2703318.0
1477950224.49, 2703318.0
1477950224.54, 2703318.0
1477950224.59, 2703318.0
1477950224.64, 2703318.0
1477950224.7, 2703318.0
1477950224.75, 2703318.0
1477950224.8, 2703318.0
1477950224.85, 2703318.0
1477950224.9, 2703318.0
1477950224.95, 2703318.0
1477950225.0, 2703318.0
1477950225.05, 2703318.0
1477950225.1, 2703318.0
1477950225.15, 2703318.0
1477950225.2, 2703318.0
1477950225.25, 2703318.0
1477950225.3, 2703318.0
1477950225.35, 2703318.0
1477950225.4, 2703318.0
1477950225.45, 2703318.0
1477950225.52, 2703318.0
1477950225.57, 2703318.0
1477950225.62, 2703318.0
1477950225.68, 2703318.0
1477950225.73, 2703318.0
1477950225.78, 2703318.0
1477950225.83, 2703318.0
1477950225.88, 2703318.0
1477950225.93, 2703318.0
1477950225.98, 2703318.0
1477950226.03, 2703318.0
1477950226.08, 2703318.0
1477950226.13, 2703318.0
1477950226.18, 2703318.0
1477950226.24, 2703318.0
1477950226.29, 2703318.0
1477950226.34, 2703318.0
1477950226.39, 2703318.0
1477950226.44, 2703318.0
1477950226.49, 2703318.0
1477950226.54, 2703318.0
1477950226.59, 2703318.0
1477950226.64, 2703318.0
1477950226.69, 2703318.0
1477950226.74, 2703318.0
1477950226.79, 2703318.0
1477950226.84, 2703318.0
1477950226.89, 2703318.0
1477950226.94, 2703318.0
1477950226.99, 2703318.0
1477950227.04, 2703318.0
1477950227.09, 2703318.0
1477950227.14, 2703318.0
1477950227.19, 2703318.0
1477950227.24, 2703318.0
1477950227.29, 2703318.0
1477950227.34, 2703318.0
1477950227.39, 2703318.0
1477950227.44, 2703318.0
1477950227.49, 2703318.0
1477950227.54, 2703318.0
1477950227.59, 2703318.0
1477950227.64, 2703318.0
1477950227.69, 2703318.0
1477950227.74, 2703318.0
1477950227.79, 2703318.0
1477950227.84, 2703318.0
1477950227.9, 2703318.0
1477950227.95, 2703318.0
1477950228.0, 2703318.0
1477950228.05, 2703318.0
1477950228.1, 2703318.0
1477950228.15, 2703318.0
1477950228.2, 2703318.0
1477950228.25, 2703318.0
1477950228.3, 2703318.0
1477950228.35, 2703318.0
1477950228.4, 2703318.0
1477950228.45, 2703318.0
1477950228.5, 2703318.0
1477950228.55, 2703318.0
1477950228.6, 2703318.0
1477950228.65, 2703318.0
1477950228.7, 2703318.0
1477950228.75, 2703318.0
1477950228.8, 2703318.0
1477950228.85, 2703318.0
1477950228.9, 2703318.0
1477950228.95, 2703318.0
1477950229.0, 2703318.0
1477950229.05, 2703318.0
1477950229.1, 2703318.0
1477950229.15, 2703318.0
1477950229.2, 2703318.0
1477950229.25, 2703318.0
1477950229.3, 2703318.0
1477950229.35, 2703318.0
1477950229.41, 2703318.0
1477950229.46, 2703318.0
1477950229.51, 2703318.0
1477950229.56, 2703318.0
1477950229.61, 2703318.0
1477950229.66, 2703318.0
1477950229.71, 2703318.0
1477950229.76, 2703318.0
1477950229.81, 2703318.0
1477950229.86, 2703318.0
1477950229.91, 2703318.0
1477950229.96, 2703318.0
1477950230.01, 2703318.0
1477950230.06, 2703318.0
1477950230.11, 2703318.0
1477950230.16, 2703318.0
1477950230.21, 2703318.0
1477950230.26, 2703318.0
1477950230.31, 2703521.0
1477950230.36, 2703521.0
1477950230.41, 2703521.0
1477950230.46, 2703521.0
1477950230.51, 2703521.0
1477950230.56, 2703521.0
1477950230.61, 2703521.0
1477950230.66, 2703521.0
1477950230.71, 2703521.0
1477950230.76, 2703521.0
1477950230.81, 2703521.0
1477950230.86, 2703521.0
1477950230.91, 2703521.0
1477950230.96, 2703521.0
1477950231.01, 2703521.0
1477950231.06, 2703521.0
1477950231.12, 2703521.0
1477950231.17, 2703521.0
1477950231.22, 2703521.0
1477950231.27, 2703521.0
1477950231.32, 2703521.0
1477950231.37, 2703521.0
1477950231.42, 2703521.0
1477950231.47, 2703521.0
1477950231.52, 2703521.0
1477950231.57, 2703521.0
1477950231.62, 2703521.0
1477950231.67, 2703521.0
1477950231.72, 2703521.0
1477950231.77, 2703521.0
1477950231.82, 2703521.0
1477950231.87, 2703521.0
1477950231.92, 2703521.0
1477950231.97, 2703521.0
1477950232.02, 2703521.0
1477950232.07, 2703521.0
1477950232.12, 2703521.0
1477950232.17, 2703521.0
1477950232.22, 2703521.0
1477950232.27, 2703521.0
1477950232.32, 2703521.0
1477950232.37, 2703521.0
1477950232.42, 2703521.0
1477950232.47, 2703521.0
1477950232.52, 2703521.0
1477950232.57, 2703521.0
1477950232.62, 2703521.0
1477950232.67, 2703521.0
1477950232.72, 2703521.0
1477950232.77, 2703521.0
1477950232.82, 2703521.0
1477950232.87, 2703521.0
1477950232.92, 2703521.0
1477950232.97, 2703521.0
1477950233.02, 2703521.0
1477950233.07, 2703521.0
1477950233.12, 2703521.0
1477950233.17, 2703521.0
1477950233.22, 2703521.0
1477950233.28, 2703521.0
1477950233.33, 2703521.0
1477950233.38, 2703521.0
1477950233.43, 2703521.0
1477950233.48, 2703521.0
1477950233.53, 2703521.0
1477950233.58, 2703521.0
1477950233.63, 2703521.0
1477950233.68, 2703521.0
1477950233.73, 2703521.0
1477950233.78, 2703521.0
1477950233.83, 2703521.0
1477950233.88, 2703521.0
1477950233.93, 2703521.0
1477950233.98, 2703521.0
1477950234.03, 2703521.0
1477950234.08, 2703521.0
1477950234.13, 2703521.0
1477950234.18, 2703521.0
1477950234.23, 2703521.0
1477950234.28, 2703521.0
1477950234.33, 2703521.0
1477950234.38, 2703521.0
1477950234.43, 2703521.0
1477950234.48, 2703521.0
1477950234.53, 2703521.0
1477950234.58, 2703521.0
1477950234.63, 2703521.0
1477950234.68, 2703521.0
1477950234.73, 2703521.0
1477950234.78, 2703521.0
1477950234.83, 2703521.0
1477950234.89, 2703521.0
1477950234.94, 2703521.0
1477950234.99, 2703521.0
1477950235.04, 2703521.0
1477950235.09, 2703521.0
1477950235.14, 2703521.0
1477950235.19, 2703521.0
1477950235.24, 2703521.0
1477950235.29, 2703521.0
1477950235.34, 2703521.0
1477950235.39, 2703521.0
1477950235.44, 2703521.0
1477950235.49, 2703521.0
1477950235.54, 2703521.0
1477950235.59, 2703521.0
1477950235.65, 2703521.0
1477950235.7, 2703521.0
1477950235.75, 2703521.0
1477950235.8, 2703521.0
1477950235.85, 2703521.0
1477950235.9, 2703521.0
1477950235.95, 2703521.0
1477950236.01, 2703521.0
1477950236.06, 2703521.0
1477950236.11, 2703521.0
1477950236.16, 2703521.0
1477950236.23, 2703521.0
1477950236.28, 2703521.0
1477950236.33, 2703521.0
1477950236.38, 2703521.0
1477950236.43, 2703521.0
1477950236.48, 2703521.0
1477950236.53, 2703521.0
1477950236.58, 2703521.0
1477950236.63, 2703521.0
1477950236.68, 2703521.0
1477950236.73, 2703521.0
1477950236.78, 2703521.0
1477950236.84, 2703521.0
1477950236.89, 2703521.0
1477950236.94, 2703521.0
1477950236.99, 2703521.0
1477950237.04, 2703521.0
1477950237.09, 2703521.0
1477950237.14, 2703521.0
1477950237.19, 2703521.0
1477950237.24, 2703521.0
1477950237.29, 2703521.0
1477950237.34, 2703521.0
1477950237.39, 2703521.0
1477950237.44, 2703521.0
1477950237.49, 2703521.0
1477950237.55, 2703521.0
1477950237.6, 2703521.0
1477950237.65, 2703521.0
1477950237.7, 2703521.0
1477950237.75, 2703521.0
1477950237.8, 2703521.0
1477950237.85, 2703521.0
1477950237.9, 2703521.0
1477950237.95, 2703521.0
1477950238.0, 2703724.0
1477950238.05, 2703724.0
1477950238.1, 2703724.0
1477950238.15, 2703724.0
1477950238.2, 2703724.0
1477950238.25, 2703724.0
1477950238.3, 2703724.0
1477950238.35, 2703724.0
1477950238.4, 2703724.0
1477950238.45, 2703724.0
1477950238.5, 2703724.0
1477950238.55, 2703724.0
1477950238.6, 2703724.0
1477950238.65, 2703724.0
1477950238.7, 2703724.0
1477950238.75, 2703724.0
1477950238.8, 2703724.0
1477950238.85, 2703724.0
1477950238.9, 2703724.0
1477950238.95, 2703724.0
1477950239.0, 2703724.0
1477950239.05, 2703724.0
1477950239.1, 2703724.0
1477950239.15, 2703724.0
1477950239.2, 2703724.0
1477950239.26, 2703724.0
1477950239.31, 2703724.0
1477950239.36, 2703724.0
1477950239.41, 2703724.0
1477950239.46, 2703724.0
1477950239.51, 2703724.0
1477950239.56, 2703724.0
1477950239.61, 2703724.0
1477950239.66, 2703724.0
1477950239.71, 2703724.0
1477950239.76, 2703724.0
1477950239.81, 2703724.0
1477950239.86, 2703724.0
1477950239.91, 2703724.0
1477950239.96, 2703724.0
1477950240.01, 2703724.0
1477950240.06, 2703724.0
1477950240.11, 2703724.0
1477950240.16, 2703724.0
1477950240.21, 2703724.0
1477950240.26, 2703724.0
1477950240.31, 2703724.0
1477950240.36, 2703724.0
1477950240.41, 2703724.0
1477950240.46, 2703724.0
1477950240.51, 2703724.0
1477950240.56, 2703724.0
1477950240.61, 2703724.0
1477950240.66, 2703724.0
1477950240.71, 2703724.0
1477950240.76, 2703724.0
1477950240.81, 2703724.0
1477950240.86, 2703724.0
1477950240.91, 2703724.0
1477950240.96, 2703724.0
1477950241.02, 2703724.0
1477950241.07, 2703724.0
1477950241.12, 2703724.0
1477950241.17, 2703724.0
1477950241.22, 2703724.0
1477950241.27, 2703724.0
1477950241.32, 2703724.0
1477950241.37, 2703724.0
1477950241.42, 2703724.0
1477950241.47, 2703724.0
1477950241.52, 2703724.0
1477950241.57, 2703724.0
1477950241.62, 2703724.0
1477950241.67, 2703724.0
1477950241.72, 2703724.0
1477950241.77, 2703724.0
1477950241.82, 2703724.0
1477950241.87, 2703724.0
1477950241.93, 2703724.0
1477950241.98, 2703724.0
1477950242.03, 2703724.0
1477950242.08, 2703724.0
1477950242.13, 2703724.0
1477950242.18, 2703724.0
1477950242.23, 2703724.0
1477950242.28, 2703724.0
1477950242.33, 2703724.0
1477950242.38, 2703724.0
1477950242.43, 2703724.0
1477950242.48, 2703724.0
1477950242.53, 2703724.0
1477950242.58, 2703724.0
1477950242.63, 2703724.0
1477950242.68, 2703724.0
1477950242.74, 2703724.0
1477950242.79, 2703724.0
1477950242.84, 2703724.0
1477950242.89, 2703724.0
1477950242.94, 2703724.0
1477950242.99, 2703724.0
1477950243.04, 2703724.0
1477950243.09, 2703724.0
1477950243.14, 2703724.0
1477950243.19, 2703724.0
1477950243.24, 2703724.0
1477950243.29, 2703724.0
1477950243.34, 2703724.0
1477950243.39, 2703724.0
1477950243.44, 2703724.0
1477950243.49, 2703724.0
1477950243.54, 2703724.0
1477950243.59, 2703724.0
1477950243.64, 2703724.0
1477950243.69, 2703724.0
1477950243.74, 2703724.0
1477950243.79, 2703724.0
1477950243.84, 2703724.0
1477950243.89, 2703724.0
1477950243.94, 2703724.0
1477950243.99, 2703724.0
1477950244.04, 2703724.0
1477950244.1, 2703724.0
1477950244.15, 2703724.0
1477950244.2, 2703724.0
1477950244.25, 2703724.0
1477950244.3, 2703724.0
1477950244.35, 2703724.0
1477950244.4, 2703724.0
1477950244.45, 2703724.0
1477950244.5, 2703724.0
1477950244.55, 2703724.0
1477950244.6, 2703724.0
1477950244.65, 2703724.0
