1477950213.21, 23954.0
1477950213.33, 23954.0
1477950213.44, 23954.0
1477950213.55, 23954.0
1477950213.66, 23954.0
1477950213.78, 23954.0
1477950213.88, 24157.0
1477950213.99, 24157.0
1477950214.09, 24157.0
1477950214.21, 24360.0
1477950214.31, 24360.0
1477950214.46, 24528.0
1477950214.58, 26136.0
1477950214.66, 27702.0
1477950214.71, 36678.0
1477950214.76, 42648.0
1477950214.81, 51624.0
1477950214.86, 60642.0
1477950214.92, 69618.0
1477950214.97, 78552.0
1477950215.02, 87486.0
1477950215.07, 96420.0
1477950215.12, 105438.0
1477950215.17, 114414.0
1477950215.22, 124872.0
1477950215.27, 133806.0
1477950215.32, 142782.0
1477950215.37, 151800.0
1477950215.42, 162258.0
1477950215.47, 171192.0
1477950215.53, 181650.0
1477950215.58, 189102.0
1477950215.63, 199560.0
1477950215.68, 211500.0
1477950215.73, 218994.0
1477950215.78, 229452.0
1477950215.83, 238386.0
1477950215.88, 248886.0
1477950215.93, 257820.0
1477950215.98, 266838.0
1477950216.03, 277296.0
1477950216.08, 286314.0
1477950216.13, 295248.0
1477950216.18, 304140.0
1477950216.23, 313032.0
1477950216.28, 321924.0
1477950216.33, 327852.0
1477950216.38, 338226.0
1477950216.43, 344196.0
1477950216.48, 353088.0
1477950216.53, 363462.0
1477950216.58, 370872.0
1477950216.63, 381246.0
1477950216.68, 388656.0
1477950216.73, 397548.0
1477950216.79, 407922.0
1477950216.84, 416814.0
1477950216.89, 427188.0
1477950216.94, 436080.0
1477950216.99, 444972.0
1477950217.04, 455346.0
1477950217.09, 464238.0
1477950217.14, 473130.0
1477950217.19, 483504.0
1477950217.24, 492396.0
1477950217.29, 501288.0
1477950217.34, 511662.0
1477950217.39, 520554.0
1477950217.44, 530928.0
1477950217.49, 539820.0
1477950217.54, 548712.0
1477950217.59, 559086.0
1477950217.64, 567978.0
1477950217.69, 576870.0
1477950217.74, 587244.0
1477950217.79, 596136.0
1477950217.84, 606510.0
1477950217.89, 615402.0
1477950217.94, 624294.0
1477950217.99, 634668.0
1477950218.04, 643560.0
1477950218.09, 652452.0
1477950218.15, 662826.0
1477950218.2, 671718.0
1477950218.25, 682092.0
1477950218.3, 690984.0
1477950218.35, 699876.0
1477950218.4, 710250.0
1477950218.45, 719142.0
1477950218.5, 729516.0
1477950218.55, 738408.0
1477950218.6, 747300.0
1477950218.65, 757674.0
1477950218.7, 766566.0
1477950218.75, 775458.0
1477950218.8, 785832.0
1477950218.85, 794724.0
1477950218.9, 803616.0
1477950218.95, 813990.0
1477950219.0, 822882.0
1477950219.05, 833256.0
1477950219.1, 842148.0
1477950219.15, 851040.0
1477950219.2, 861414.0
1477950219.25, 870306.0
1477950219.3, 879198.0
1477950219.35, 889572.0
1477950219.4, 898464.0
1477950219.45, 907356.0
1477950219.5, 917730.0
1477950219.55, 926622.0
1477950219.61, 935514.0
1477950219.66, 945888.0
1477950219.71, 954780.0
1477950219.76, 965154.0
1477950219.81, 974046.0
1477950219.86, 982938.0
1477950219.91, 993312.0
1477950219.96, 1002204.0
1477950220.01, 1012578.0
1477950220.06, 1021470.0
1477950220.11, 1030362.0
1477950220.16, 1040736.0
1477950220.21, 1049628.0
1477950220.26, 1058520.0
1477950220.31, 1068894.0
1477950220.36, 1077786.0
1477950220.41, 1086678.0
1477950220.46, 1097052.0
1477950220.51, 1105944.0
1477950220.56, 1116318.0
1477950220.61, 1125210.0
1477950220.66, 1134102.0
1477950220.71, 1144476.0
1477950220.76, 1153368.0
1477950220.81, 1162260.0
1477950220.86, 1172634.0
1477950220.91, 1181526.0
1477950220.96, 1190418.0
1477950221.01, 1200792.0
1477950221.06, 1209684.0
1477950221.11, 1218576.0
1477950221.16, 1228950.0
1477950221.21, 1237842.0
1477950221.27, 1246734.0
1477950221.32, 1257108.0
1477950221.37, 1266000.0
1477950221.42, 1276374.0
1477950221.47, 1285266.0
1477950221.52, 1294158.0
1477950221.57, 1304532.0
1477950221.62, 1313424.0
1477950221.67, 1322316.0
1477950221.72, 1332690.0
1477950221.77, 1341582.0
1477950221.82, 1350474.0
1477950221.87, 1360848.0
1477950221.92, 1369740.0
1477950221.97, 1380114.0
1477950222.02, 1389006.0
1477950222.07, 1397898.0
1477950222.12, 1408272.0
1477950222.17, 1417164.0
1477950222.22, 1426056.0
1477950222.27, 1436430.0
1477950222.32, 1445322.0
1477950222.37, 1455696.0
1477950222.42, 1464588.0
1477950222.47, 1473480.0
1477950222.52, 1483854.0
1477950222.57, 1492746.0
1477950222.62, 1501638.0
1477950222.67, 1512012.0
1477950222.72, 1520904.0
1477950222.78, 1529796.0
1477950222.83, 1540170.0
1477950222.88, 1549062.0
1477950222.93, 1559436.0
1477950222.98, 1568328.0
1477950223.03, 1577220.0
1477950223.08, 1587594.0
1477950223.13, 1596486.0
1477950223.18, 1606860.0
1477950223.23, 1615752.0
1477950223.28, 1624644.0
1477950223.33, 1635018.0
1477950223.38, 1643910.0
1477950223.43, 1652802.0
1477950223.48, 1663176.0
1477950223.53, 1672068.0
1477950223.58, 1682442.0
1477950223.63, 1691334.0
1477950223.68, 1700226.0
1477950223.73, 1710600.0
1477950223.78, 1719492.0
1477950223.84, 1729866.0
1477950223.89, 1738758.0
1477950223.94, 1747650.0
1477950223.99, 1758024.0
1477950224.04, 1766916.0
1477950224.09, 1777290.0
1477950224.14, 1786182.0
1477950224.19, 1796556.0
1477950224.24, 1805448.0
1477950224.29, 1814340.0
1477950224.34, 1824714.0
1477950224.39, 1833606.0
1477950224.44, 1843980.0
1477950224.49, 1852872.0
1477950224.54, 1861764.0
1477950224.59, 1872138.0
1477950224.64, 1881030.0
1477950224.7, 1889922.0
1477950224.75, 1900296.0
1477950224.8, 1909188.0
1477950224.85, 1919562.0
1477950224.9, 1928454.0
1477950224.95, 1937346.0
1477950225.0, 1947720.0
1477950225.05, 1956612.0
1477950225.1, 1966986.0
1477950225.15, 1975878.0
1477950225.2, 1984770.0
1477950225.25, 1995144.0
1477950225.3, 2004036.0
1477950225.35, 2012928.0
1477950225.4, 2023302.0
1477950225.45, 2032194.0
1477950225.52, 2045532.0
1477950225.57, 2055906.0
1477950225.62, 2064798.0
1477950225.68, 2073690.0
1477950225.73, 2084064.0
1477950225.78, 2092956.0
1477950225.83, 2103330.0
1477950225.88, 2112222.0
1477950225.93, 2121114.0
1477950225.98, 2131488.0
1477950226.03, 2141862.0
1477950226.08, 2150754.0
1477950226.13, 2159646.0
1477950226.18, 2170020.0
1477950226.24, 2178912.0
1477950226.29, 2189286.0
1477950226.34, 2198178.0
1477950226.39, 2207070.0
1477950226.44, 2217444.0
1477950226.49, 2226336.0
1477950226.54, 2236710.0
1477950226.59, 2245602.0
1477950226.64, 2254494.0
1477950226.69, 2264868.0
1477950226.74, 2273760.0
1477950226.79, 2282652.0
1477950226.84, 2293026.0
1477950226.89, 2301918.0
1477950226.94, 2312292.0
1477950226.99, 2321184.0
1477950227.04, 2330076.0
1477950227.09, 2340450.0
1477950227.14, 2349342.0
1477950227.19, 2358234.0
1477950227.24, 2368608.0
1477950227.29, 2377500.0
1477950227.34, 2386392.0
1477950227.39, 2396766.0
1477950227.44, 2405658.0
1477950227.49, 2414550.0
1477950227.54, 2424924.0
1477950227.59, 2433816.0
1477950227.64, 2444190.0
1477950227.69, 2453082.0
1477950227.74, 2461974.0
1477950227.79, 2472348.0
1477950227.84, 2481240.0
1477950227.9, 2490132.0
1477950227.95, 2500709.0
1477950228.0, 2509601.0
1477950228.05, 2518493.0
1477950228.1, 2528867.0
1477950228.15, 2537759.0
1477950228.2, 2548133.0
1477950228.25, 2557025.0
1477950228.3, 2565917.0
1477950228.35, 2576291.0
1477950228.4, 2585183.0
1477950228.45, 2594075.0
1477950228.5, 2604449.0
1477950228.55, 2613341.0
1477950228.6, 2622233.0
1477950228.65, 2632607.0
1477950228.7, 2641499.0
1477950228.75, 2651873.0
1477950228.8, 2660765.0
1477950228.85, 2669657.0
1477950228.9, 2680031.0
1477950228.95, 2688923.0
1477950229.0, 2697815.0
1477950229.05, 2708189.0
1477950229.1, 2717081.0
1477950229.15, 2727455.0
1477950229.2, 2736347.0
1477950229.25, 2745239.0
1477950229.3, 2755613.0
1477950229.35, 2764505.0
1477950229.41, 2773397.0
1477950229.46, 2783771.0
1477950229.51, 2792663.0
1477950229.56, 2801555.0
1477950229.61, 2811929.0
1477950229.66, 2820821.0
1477950229.71, 2829713.0
1477950229.76, 2840087.0
1477950229.81, 2848979.0
1477950229.86, 2859353.0
1477950229.91, 2868245.0
1477950229.96, 2877137.0
1477950230.01, 2887511.0
1477950230.06, 2896403.0
1477950230.11, 2905295.0
1477950230.16, 2915669.0
1477950230.21, 2924561.0
1477950230.26, 2933453.0
1477950230.31, 2943827.0
1477950230.36, 2952719.0
1477950230.41, 2961611.0
1477950230.46, 2971985.0
1477950230.51, 2980877.0
1477950230.56, 2991251.0
1477950230.61, 3000143.0
1477950230.66, 3009035.0
1477950230.71, 3019409.0
1477950230.76, 3028301.0
1477950230.81, 3038675.0
1477950230.86, 3047567.0
1477950230.91, 3056459.0
1477950230.96, 3066833.0
1477950231.01, 3075725.0
1477950231.06, 3084617.0
1477950231.12, 3094991.0
1477950231.17, 3103883.0
1477950231.22, 3112775.0
1477950231.27, 3123149.0
1477950231.32, 3132041.0
1477950231.37, 3142415.0
1477950231.42, 3151307.0
1477950231.47, 3160199.0
1477950231.52, 3170573.0
1477950231.57, 3179465.0
1477950231.62, 3188357.0
1477950231.67, 3198731.0
1477950231.72, 3207623.0
1477950231.77, 3216515.0
1477950231.82, 3226889.0
1477950231.87, 3235781.0
1477950231.92, 3246155.0
1477950231.97, 3255047.0
1477950232.02, 3263939.0
1477950232.07, 3274313.0
1477950232.12, 3283205.0
1477950232.17, 3292097.0
1477950232.22, 3302471.0
1477950232.27, 3311363.0
1477950232.32, 3320255.0
1477950232.37, 3330629.0
1477950232.42, 3339521.0
1477950232.47, 3348413.0
1477950232.52, 3358787.0
1477950232.57, 3367679.0
1477950232.62, 3376571.0
1477950232.67, 3386945.0
1477950232.72, 3395837.0
1477950232.77, 3406211.0
1477950232.82, 3415103.0
1477950232.87, 3423995.0
1477950232.92, 3434369.0
1477950232.97, 3443261.0
1477950233.02, 3452153.0
1477950233.07, 3462527.0
1477950233.12, 3471419.0
1477950233.17, 3480311.0
1477950233.22, 3490685.0
1477950233.28, 3499577.0
1477950233.33, 3508469.0
1477950233.38, 3518843.0
1477950233.43, 3527735.0
1477950233.48, 3536627.0
1477950233.53, 3547001.0
1477950233.58, 3555893.0
1477950233.63, 3564785.0
1477950233.68, 3575159.0
1477950233.73, 3584051.0
1477950233.78, 3594425.0
1477950233.83, 3603317.0
1477950233.88, 3612209.0
1477950233.93, 3622583.0
1477950233.98, 3631475.0
1477950234.03, 3640367.0
1477950234.08, 3650741.0
1477950234.13, 3659633.0
1477950234.18, 3668525.0
1477950234.23, 3678899.0
1477950234.28, 3687791.0
1477950234.33, 3698165.0
1477950234.38, 3707057.0
1477950234.43, 3715949.0
1477950234.48, 3726323.0
1477950234.53, 3735215.0
1477950234.58, 3744107.0
1477950234.63, 3754481.0
1477950234.68, 3763373.0
1477950234.73, 3772265.0
1477950234.78, 3782639.0
1477950234.83, 3791531.0
1477950234.89, 3801905.0
1477950234.94, 3810797.0
1477950234.99, 3819689.0
1477950235.04, 3830063.0
1477950235.09, 3838955.0
1477950235.14, 3849329.0
1477950235.19, 3858221.0
1477950235.24, 3867113.0
1477950235.29, 3877487.0
1477950235.34, 3886379.0
1477950235.39, 3896753.0
1477950235.44, 3905645.0
1477950235.49, 3914537.0
1477950235.54, 3924911.0
1477950235.59, 3933803.0
1477950235.65, 3944177.0
1477950235.7, 3954551.0
1477950235.75, 3963443.0
1477950235.8, 3973817.0
1477950235.85, 3982709.0
1477950235.9, 3991601.0
1477950235.95, 4001975.0
1477950236.01, 4010867.0
1477950236.06, 4021241.0
1477950236.11, 4030133.0
1477950236.16, 4040507.0
1477950236.23, 4053845.0
1477950236.28, 4062737.0
1477950236.33, 4071629.0
1477950236.38, 4082003.0
1477950236.43, 4090895.0
1477950236.48, 4101269.0
1477950236.53, 4110161.0
1477950236.58, 4120535.0
1477950236.63, 4129427.0
1477950236.68, 4138319.0
1477950236.73, 4148693.0
1477950236.78, 4157585.0
1477950236.84, 4167959.0
1477950236.89, 4176851.0
1477950236.94, 4187225.0
1477950236.99, 4196117.0
1477950237.04, 4206491.0
1477950237.09, 4215383.0
1477950237.14, 4224275.0
1477950237.19, 4234649.0
1477950237.24, 4243541.0
1477950237.29, 4252433.0
1477950237.34, 4262807.0
1477950237.39, 4271699.0
1477950237.44, 4280591.0
1477950237.49, 4290965.0
1477950237.55, 4299857.0
1477950237.6, 4310231.0
1477950237.65, 4319123.0
1477950237.7, 4328015.0
1477950237.75, 4338389.0
1477950237.8, 4347281.0
1477950237.85, 4356173.0
1477950237.9, 4366547.0
1477950237.95, 4375439.0
1477950238.0, 4384534.0
1477950238.05, 4394908.0
1477950238.1, 4403800.0
1477950238.15, 4414174.0
1477950238.2, 4423066.0
1477950238.25, 4431958.0
1477950238.3, 4442332.0
1477950238.35, 4451224.0
1477950238.4, 4460116.0
1477950238.45, 4470490.0
1477950238.5, 4479382.0
1477950238.55, 4488274.0
1477950238.6, 4498648.0
1477950238.65, 4507540.0
1477950238.7, 4516432.0
1477950238.75, 4526806.0
1477950238.8, 4535698.0
1477950238.85, 4544590.0
1477950238.9, 4554964.0
1477950238.95, 4563856.0
1477950239.0, 4574230.0
1477950239.05, 4583122.0
1477950239.1, 4592014.0
1477950239.15, 4602388.0
1477950239.2, 4611280.0
1477950239.26, 4620172.0
1477950239.31, 4630546.0
1477950239.36, 4639438.0
1477950239.41, 4649812.0
1477950239.46, 4658704.0
1477950239.51, 4667596.0
1477950239.56, 4677970.0
1477950239.61, 4686862.0
1477950239.66, 4695754.0
1477950239.71, 4706128.0
1477950239.76, 4715020.0
1477950239.81, 4723912.0
1477950239.86, 4734286.0
1477950239.91, 4743178.0
1477950239.96, 4753552.0
1477950240.01, 4762444.0
1477950240.06, 4771336.0
1477950240.11, 4781710.0
1477950240.16, 4790602.0
1477950240.21, 4799494.0
1477950240.26, 4809868.0
1477950240.31, 4818760.0
1477950240.36, 4827652.0
1477950240.41, 4838026.0
1477950240.46, 4846918.0
1477950240.51, 4857292.0
1477950240.56, 4866184.0
1477950240.61, 4875076.0
1477950240.66, 4885450.0
1477950240.71, 4894342.0
1477950240.76, 4903234.0
1477950240.81, 4913608.0
1477950240.86, 4922500.0
1477950240.91, 4931392.0
1477950240.96, 4941766.0
1477950241.02, 4950658.0
1477950241.07, 4959550.0
1477950241.12, 4969924.0
1477950241.17, 4978816.0
1477950241.22, 4989190.0
1477950241.27, 4998082.0
1477950241.32, 5006974.0
1477950241.37, 5017348.0
1477950241.42, 5026240.0
1477950241.47, 5035132.0
1477950241.52, 5045506.0
1477950241.57, 5054398.0
1477950241.62, 5063290.0
1477950241.67, 5073664.0
1477950241.72, 5082556.0
1477950241.77, 5092930.0
1477950241.82, 5101822.0
1477950241.87, 5110714.0
1477950241.93, 5122570.0
1477950241.98, 5131462.0
1477950242.03, 5141836.0
1477950242.08, 5150728.0
1477950242.13, 5159620.0
1477950242.18, 5169994.0
1477950242.23, 5178886.0
1477950242.28, 5187778.0
1477950242.33, 5198152.0
1477950242.38, 5207044.0
1477950242.43, 5215936.0
1477950242.48, 5226310.0
1477950242.53, 5235202.0
1477950242.58, 5245576.0
1477950242.63, 5254468.0
1477950242.68, 5263360.0
1477950242.74, 5273734.0
1477950242.79, 5282626.0
1477950242.84, 5291518.0
1477950242.89, 5301892.0
1477950242.94, 5310784.0
1477950242.99, 5321158.0
1477950243.04, 5330050.0
1477950243.09, 5338942.0
1477950243.14, 5349316.0
1477950243.19, 5358208.0
1477950243.24, 5368582.0
1477950243.29, 5377474.0
1477950243.34, 5386366.0
1477950243.39, 5396740.0
1477950243.44, 5405632.0
1477950243.49, 5414524.0
1477950243.54, 5424898.0
1477950243.59, 5433790.0
1477950243.64, 5444164.0
1477950243.69, 5453056.0
1477950243.74, 5461948.0
1477950243.79, 5472322.0
1477950243.84, 5481214.0
1477950243.89, 5490106.0
1477950243.94, 5500480.0
1477950243.99, 5509372.0
1477950244.04, 5518264.0
1477950244.1, 5528638.0
1477950244.15, 5537530.0
1477950244.2, 5547904.0
1477950244.25, 5556796.0
1477950244.3, 5565688.0
1477950244.35, 5576062.0
1477950244.4, 5584954.0
1477950244.45, 5593846.0
1477950244.5, 5604220.0
1477950244.55, 5613112.0
1477950244.6, 5622046.0
1477950244.65, 5632420.0
