1477950213.21, 2620870.0
1477950213.33, 2641604.0
1477950213.44, 2659376.0
1477950213.55, 2681624.0
1477950213.66, 2702358.0
1477950213.78, 2726054.0
1477950213.88, 2743826.0
1477950213.99, 2763112.0
1477950214.09, 2783846.0
1477950214.21, 2804580.0
1477950214.31, 2823866.0
1477950214.46, 2850524.0
1477950214.58, 2868362.0
1477950214.66, 2880276.0
1477950214.71, 2886332.0
1477950214.76, 2889360.0
1477950214.81, 2889360.0
1477950214.86, 2890874.0
1477950214.92, 2890874.0
1477950214.97, 2892388.0
1477950215.02, 2892388.0
1477950215.07, 2895416.0
1477950215.12, 2895416.0
1477950215.17, 2895416.0
1477950215.22, 2895416.0
1477950215.27, 2895416.0
1477950215.32, 2895416.0
1477950215.37, 2895416.0
1477950215.42, 2895416.0
1477950215.47, 2895416.0
1477950215.53, 2895416.0
1477950215.58, 2895416.0
1477950215.63, 2895416.0
1477950215.68, 2895416.0
1477950215.73, 2895416.0
1477950215.78, 2895416.0
1477950215.83, 2895416.0
1477950215.88, 2895416.0
1477950215.93, 2895416.0
1477950215.98, 2895416.0
1477950216.03, 2895416.0
1477950216.08, 2895416.0
1477950216.13, 2896930.0
1477950216.18, 2896930.0
1477950216.23, 2899958.0
1477950216.28, 2899958.0
1477950216.33, 2904500.0
1477950216.38, 2904500.0
1477950216.43, 2910556.0
1477950216.48, 2910556.0
1477950216.53, 2910556.0
1477950216.58, 2915098.0
1477950216.63, 2915098.0
1477950216.68, 2915098.0
1477950216.73, 2915098.0
1477950216.79, 2915098.0
1477950216.84, 2915098.0
1477950216.89, 2915098.0
1477950216.94, 2915098.0
1477950216.99, 2915098.0
1477950217.04, 2915098.0
1477950217.09, 2915098.0
1477950217.14, 2915098.0
1477950217.19, 2915098.0
1477950217.24, 2915098.0
1477950217.29, 2915098.0
1477950217.34, 2915098.0
1477950217.39, 2915098.0
1477950217.44, 2915098.0
1477950217.49, 2915098.0
1477950217.54, 2915098.0
1477950217.59, 2916612.0
1477950217.64, 2916612.0
1477950217.69, 2916612.0
1477950217.74, 2916612.0
1477950217.79, 2916612.0
1477950217.84, 2916612.0
1477950217.89, 2916612.0
1477950217.94, 2916612.0
1477950217.99, 2916612.0
1477950218.04, 2916612.0
1477950218.09, 2916612.0
1477950218.15, 2916612.0
1477950218.2, 2916612.0
1477950218.25, 2916612.0
1477950218.3, 2916612.0
1477950218.35, 2916612.0
1477950218.4, 2916612.0
1477950218.45, 2916612.0
1477950218.5, 2916612.0
1477950218.55, 2916612.0
1477950218.6, 2916612.0
1477950218.65, 2916612.0
1477950218.7, 2916612.0
1477950218.75, 2916612.0
1477950218.8, 2916612.0
1477950218.85, 2916612.0
1477950218.9, 2916612.0
1477950218.95, 2916612.0
1477950219.0, 2916612.0
1477950219.05, 2916612.0
1477950219.1, 2916612.0
1477950219.15, 2916612.0
1477950219.2, 2916612.0
1477950219.25, 2916612.0
1477950219.3, 2916612.0
1477950219.35, 2916612.0
1477950219.4, 2916612.0
1477950219.45, 2916612.0
1477950219.5, 2916612.0
1477950219.55, 2916612.0
1477950219.61, 2916612.0
1477950219.66, 2916612.0
1477950219.71, 2918126.0
1477950219.76, 2918126.0
1477950219.81, 2918126.0
1477950219.86, 2918126.0
1477950219.91, 2918126.0
1477950219.96, 2918126.0
1477950220.01, 2918126.0
1477950220.06, 2918126.0
1477950220.11, 2918126.0
1477950220.16, 2918126.0
1477950220.21, 2918126.0
1477950220.26, 2918126.0
1477950220.31, 2918126.0
1477950220.36, 2918126.0
1477950220.41, 2918126.0
1477950220.46, 2918126.0
1477950220.51, 2918126.0
1477950220.56, 2918126.0
1477950220.61, 2918126.0
1477950220.66, 2918126.0
1477950220.71, 2918126.0
1477950220.76, 2918126.0
1477950220.81, 2918126.0
1477950220.86, 2918126.0
1477950220.91, 2918126.0
1477950220.96, 2918126.0
1477950221.01, 2918126.0
1477950221.06, 2918126.0
1477950221.11, 2918126.0
1477950221.16, 2918126.0
1477950221.21, 2918126.0
1477950221.27, 2918126.0
1477950221.32, 2918126.0
1477950221.37, 2918126.0
1477950221.42, 2918126.0
1477950221.47, 2918126.0
1477950221.52, 2918126.0
1477950221.57, 2918126.0
1477950221.62, 2918126.0
1477950221.67, 2918126.0
1477950221.72, 2918126.0
1477950221.77, 2918126.0
1477950221.82, 2918126.0
1477950221.87, 2918126.0
1477950221.92, 2918126.0
1477950221.97, 2918126.0
1477950222.02, 2918126.0
1477950222.07, 2918126.0
1477950222.12, 2918126.0
1477950222.17, 2918126.0
1477950222.22, 2918126.0
1477950222.27, 2918126.0
1477950222.32, 2918126.0
1477950222.37, 2918126.0
1477950222.42, 2918126.0
1477950222.47, 2918126.0
1477950222.52, 2918126.0
1477950222.57, 2918126.0
1477950222.62, 2918126.0
1477950222.67, 2918126.0
1477950222.72, 2918126.0
1477950222.78, 2918126.0
1477950222.83, 2918126.0
1477950222.88, 2918126.0
1477950222.93, 2918126.0
1477950222.98, 2918126.0
1477950223.03, 2918126.0
1477950223.08, 2918126.0
1477950223.13, 2918126.0
1477950223.18, 2918126.0
1477950223.23, 2918126.0
1477950223.28, 2918126.0
1477950223.33, 2918126.0
1477950223.38, 2918126.0
1477950223.43, 2918126.0
1477950223.48, 2918126.0
1477950223.53, 2918126.0
1477950223.58, 2918126.0
1477950223.63, 2918126.0
1477950223.68, 2918126.0
1477950223.73, 2918126.0
1477950223.78, 2918126.0
1477950223.84, 2918126.0
1477950223.89, 2919640.0
1477950223.94, 2919640.0
1477950223.99, 2919640.0
1477950224.04, 2919640.0
1477950224.09, 2919640.0
1477950224.14, 2919640.0
1477950224.19, 2919640.0
1477950224.24, 2919640.0
1477950224.29, 2919640.0
1477950224.34, 2919640.0
1477950224.39, 2919640.0
1477950224.44, 2919640.0
1477950224.49, 2919640.0
1477950224.54, 2919640.0
1477950224.59, 2919640.0
1477950224.64, 2919640.0
1477950224.7, 2919640.0
1477950224.75, 2919640.0
1477950224.8, 2919640.0
1477950224.85, 2919640.0
1477950224.9, 2919640.0
1477950224.95, 2919640.0
1477950225.0, 2919640.0
1477950225.05, 2919640.0
1477950225.1, 2919640.0
1477950225.15, 2919640.0
1477950225.2, 2919640.0
1477950225.25, 2919640.0
1477950225.3, 2919640.0
1477950225.35, 2919640.0
1477950225.4, 2919640.0
1477950225.45, 2919640.0
1477950225.52, 2919640.0
1477950225.57, 2919640.0
1477950225.62, 2919640.0
1477950225.68, 2919640.0
1477950225.73, 2919640.0
1477950225.78, 2919640.0
1477950225.83, 2919640.0
1477950225.88, 2919640.0
1477950225.93, 2919640.0
1477950225.98, 2919640.0
1477950226.03, 2919640.0
1477950226.08, 2919640.0
1477950226.13, 2919640.0
1477950226.18, 2919640.0
1477950226.24, 2919640.0
1477950226.29, 2919640.0
1477950226.34, 2919640.0
1477950226.39, 2919640.0
1477950226.44, 2919640.0
1477950226.49, 2919640.0
1477950226.54, 2919640.0
1477950226.59, 2919640.0
1477950226.64, 2919640.0
1477950226.69, 2919640.0
1477950226.74, 2919640.0
1477950226.79, 2919640.0
1477950226.84, 2919640.0
1477950226.89, 2919640.0
1477950226.94, 2919640.0
1477950226.99, 2919640.0
1477950227.04, 2919640.0
1477950227.09, 2919640.0
1477950227.14, 2919640.0
1477950227.19, 2919640.0
1477950227.24, 2919640.0
1477950227.29, 2919640.0
1477950227.34, 2919640.0
1477950227.39, 2919640.0
1477950227.44, 2919640.0
1477950227.49, 2919640.0
1477950227.54, 2919640.0
1477950227.59, 2919640.0
1477950227.64, 2919640.0
1477950227.69, 2919640.0
1477950227.74, 2919640.0
1477950227.79, 2919640.0
1477950227.84, 2919640.0
1477950227.9, 2919640.0
1477950227.95, 2919640.0
1477950228.0, 2919640.0
1477950228.05, 2919640.0
1477950228.1, 2919640.0
1477950228.15, 2919640.0
1477950228.2, 2919640.0
1477950228.25, 2919640.0
1477950228.3, 2919640.0
1477950228.35, 2919640.0
1477950228.4, 2919640.0
1477950228.45, 2919640.0
1477950228.5, 2919640.0
1477950228.55, 2919640.0
1477950228.6, 2919640.0
1477950228.65, 2919640.0
1477950228.7, 2919640.0
1477950228.75, 2919640.0
1477950228.8, 2919640.0
1477950228.85, 2919640.0
1477950228.9, 2919640.0
1477950228.95, 2919640.0
1477950229.0, 2919640.0
1477950229.05, 2919640.0
1477950229.1, 2919640.0
1477950229.15, 2919640.0
1477950229.2, 2919640.0
1477950229.25, 2919640.0
1477950229.3, 2919640.0
1477950229.35, 2919640.0
1477950229.41, 2919640.0
1477950229.46, 2919640.0
1477950229.51, 2919640.0
1477950229.56, 2919640.0
1477950229.61, 2919640.0
1477950229.66, 2919640.0
1477950229.71, 2919640.0
1477950229.76, 2919640.0
1477950229.81, 2919640.0
1477950229.86, 2919640.0
1477950229.91, 2919640.0
1477950229.96, 2919640.0
1477950230.01, 2919640.0
1477950230.06, 2919640.0
1477950230.11, 2919640.0
1477950230.16, 2919640.0
1477950230.21, 2919640.0
1477950230.26, 2919640.0
1477950230.31, 2919640.0
1477950230.36, 2919640.0
1477950230.41, 2919640.0
1477950230.46, 2919640.0
1477950230.51, 2919640.0
1477950230.56, 2919640.0
1477950230.61, 2919640.0
1477950230.66, 2919640.0
1477950230.71, 2919640.0
1477950230.76, 2919640.0
1477950230.81, 2919640.0
1477950230.86, 2919640.0
1477950230.91, 2919640.0
1477950230.96, 2919640.0
1477950231.01, 2919640.0
1477950231.06, 2919640.0
1477950231.12, 2919640.0
1477950231.17, 2919640.0
1477950231.22, 2919640.0
1477950231.27, 2919640.0
1477950231.32, 2919640.0
1477950231.37, 2919640.0
1477950231.42, 2919640.0
1477950231.47, 2919640.0
1477950231.52, 2919640.0
1477950231.57, 2919640.0
1477950231.62, 2919640.0
1477950231.67, 2919640.0
1477950231.72, 2919640.0
1477950231.77, 2919640.0
1477950231.82, 2919640.0
1477950231.87, 2919640.0
1477950231.92, 2919640.0
1477950231.97, 2919640.0
1477950232.02, 2919640.0
1477950232.07, 2919640.0
1477950232.12, 2919640.0
1477950232.17, 2919640.0
1477950232.22, 2921154.0
1477950232.27, 2921154.0
1477950232.32, 2921154.0
1477950232.37, 2921154.0
1477950232.42, 2921154.0
1477950232.47, 2921154.0
1477950232.52, 2921154.0
1477950232.57, 2921154.0
1477950232.62, 2921154.0
1477950232.67, 2921154.0
1477950232.72, 2921154.0
1477950232.77, 2921154.0
1477950232.82, 2921154.0
1477950232.87, 2921154.0
1477950232.92, 2921154.0
1477950232.97, 2921154.0
1477950233.02, 2921154.0
1477950233.07, 2921154.0
1477950233.12, 2921154.0
1477950233.17, 2921154.0
1477950233.22, 2921154.0
1477950233.28, 2921154.0
1477950233.33, 2921154.0
1477950233.38, 2921154.0
1477950233.43, 2921154.0
1477950233.48, 2921154.0
1477950233.53, 2921154.0
1477950233.58, 2921154.0
1477950233.63, 2921154.0
1477950233.68, 2921154.0
1477950233.73, 2921154.0
1477950233.78, 2921154.0
1477950233.83, 2921154.0
1477950233.88, 2921154.0
1477950233.93, 2921154.0
1477950233.98, 2921154.0
1477950234.03, 2921154.0
1477950234.08, 2921154.0
1477950234.13, 2921154.0
1477950234.18, 2921154.0
1477950234.23, 2921154.0
1477950234.28, 2921154.0
1477950234.33, 2921154.0
1477950234.38, 2921154.0
1477950234.43, 2921154.0
1477950234.48, 2921154.0
1477950234.53, 2921154.0
1477950234.58, 2921154.0
1477950234.63, 2921154.0
1477950234.68, 2921154.0
1477950234.73, 2921154.0
1477950234.78, 2921154.0
1477950234.83, 2921154.0
1477950234.89, 2921154.0
1477950234.94, 2921154.0
1477950234.99, 2921154.0
1477950235.04, 2921154.0
1477950235.09, 2921154.0
1477950235.14, 2921154.0
1477950235.19, 2921154.0
1477950235.24, 2921154.0
1477950235.29, 2921154.0
1477950235.34, 2921154.0
1477950235.39, 2921154.0
1477950235.44, 2921154.0
1477950235.49, 2921154.0
1477950235.54, 2921154.0
1477950235.59, 2921154.0
1477950235.65, 2921154.0
1477950235.7, 2921154.0
1477950235.75, 2921154.0
1477950235.8, 2921154.0
1477950235.85, 2921154.0
1477950235.9, 2921154.0
1477950235.95, 2921154.0
1477950236.01, 2921154.0
1477950236.06, 2921154.0
1477950236.11, 2921154.0
1477950236.16, 2921154.0
1477950236.23, 2921154.0
1477950236.28, 2921154.0
1477950236.33, 2921154.0
1477950236.38, 2921154.0
1477950236.43, 2921154.0
1477950236.48, 2921154.0
1477950236.53, 2921154.0
1477950236.58, 2921154.0
1477950236.63, 2921154.0
1477950236.68, 2921154.0
1477950236.73, 2921154.0
1477950236.78, 2921154.0
1477950236.84, 2921154.0
1477950236.89, 2921154.0
1477950236.94, 2921154.0
1477950236.99, 2921154.0
1477950237.04, 2921154.0
1477950237.09, 2921154.0
1477950237.14, 2921154.0
1477950237.19, 2921154.0
1477950237.24, 2921154.0
1477950237.29, 2921154.0
1477950237.34, 2921154.0
1477950237.39, 2921154.0
1477950237.44, 2921154.0
1477950237.49, 2921154.0
1477950237.55, 2921154.0
1477950237.6, 2921154.0
1477950237.65, 2921154.0
1477950237.7, 2921154.0
1477950237.75, 2921154.0
1477950237.8, 2921154.0
1477950237.85, 2921154.0
1477950237.9, 2921154.0
1477950237.95, 2921154.0
1477950238.0, 2921154.0
1477950238.05, 2921154.0
1477950238.1, 2921154.0
1477950238.15, 2921154.0
1477950238.2, 2921154.0
1477950238.25, 2921154.0
1477950238.3, 2921154.0
1477950238.35, 2921154.0
1477950238.4, 2921154.0
1477950238.45, 2921154.0
1477950238.5, 2921154.0
1477950238.55, 2921154.0
1477950238.6, 2921154.0
1477950238.65, 2921154.0
1477950238.7, 2921154.0
1477950238.75, 2921154.0
1477950238.8, 2921154.0
1477950238.85, 2921154.0
1477950238.9, 2921154.0
1477950238.95, 2921154.0
1477950239.0, 2921154.0
1477950239.05, 2921154.0
1477950239.1, 2921154.0
1477950239.15, 2921154.0
1477950239.2, 2921154.0
1477950239.26, 2921154.0
1477950239.31, 2921154.0
1477950239.36, 2921154.0
1477950239.41, 2921154.0
1477950239.46, 2921154.0
1477950239.51, 2921154.0
1477950239.56, 2921154.0
1477950239.61, 2921154.0
1477950239.66, 2921154.0
1477950239.71, 2921154.0
1477950239.76, 2921154.0
1477950239.81, 2921154.0
1477950239.86, 2921154.0
1477950239.91, 2921154.0
1477950239.96, 2921154.0
1477950240.01, 2921154.0
1477950240.06, 2921154.0
1477950240.11, 2921154.0
1477950240.16, 2921154.0
1477950240.21, 2921154.0
1477950240.26, 2921154.0
1477950240.31, 2921154.0
1477950240.36, 2921154.0
1477950240.41, 2921154.0
1477950240.46, 2921154.0
1477950240.51, 2921154.0
1477950240.56, 2921154.0
1477950240.61, 2921154.0
1477950240.66, 2921154.0
1477950240.71, 2921154.0
1477950240.76, 2921154.0
1477950240.81, 2921154.0
1477950240.86, 2921154.0
1477950240.91, 2921154.0
1477950240.96, 2921154.0
1477950241.02, 2921154.0
1477950241.07, 2921154.0
1477950241.12, 2921154.0
1477950241.17, 2921154.0
1477950241.22, 2921154.0
1477950241.27, 2921154.0
1477950241.32, 2921154.0
1477950241.37, 2921154.0
1477950241.42, 2921154.0
1477950241.47, 2921154.0
1477950241.52, 2921154.0
1477950241.57, 2921154.0
1477950241.62, 2921154.0
1477950241.67, 2921154.0
1477950241.72, 2921154.0
1477950241.77, 2921154.0
1477950241.82, 2921154.0
1477950241.87, 2921154.0
1477950241.93, 2921154.0
1477950241.98, 2921154.0
1477950242.03, 2921154.0
1477950242.08, 2921154.0
1477950242.13, 2921154.0
1477950242.18, 2921154.0
1477950242.23, 2921154.0
1477950242.28, 2921154.0
1477950242.33, 2921154.0
1477950242.38, 2921154.0
1477950242.43, 2921154.0
1477950242.48, 2921154.0
1477950242.53, 2921154.0
1477950242.58, 2921154.0
1477950242.63, 2921154.0
1477950242.68, 2921154.0
1477950242.74, 2921154.0
1477950242.79, 2921154.0
1477950242.84, 2921154.0
1477950242.89, 2921154.0
1477950242.94, 2921154.0
1477950242.99, 2921154.0
1477950243.04, 2921154.0
1477950243.09, 2921154.0
1477950243.14, 2921154.0
1477950243.19, 2921154.0
1477950243.24, 2921154.0
1477950243.29, 2921154.0
1477950243.34, 2921154.0
1477950243.39, 2921154.0
1477950243.44, 2921154.0
1477950243.49, 2921154.0
1477950243.54, 2921154.0
1477950243.59, 2921154.0
1477950243.64, 2921154.0
1477950243.69, 2921154.0
1477950243.74, 2921154.0
1477950243.79, 2921154.0
1477950243.84, 2921154.0
1477950243.89, 2921154.0
1477950243.94, 2921154.0
1477950243.99, 2921154.0
1477950244.04, 2921154.0
1477950244.1, 2921154.0
1477950244.15, 2921154.0
1477950244.2, 2921154.0
1477950244.25, 2921154.0
1477950244.3, 2921154.0
1477950244.35, 2921154.0
1477950244.4, 2921154.0
1477950244.45, 2921154.0
1477950244.5, 2921154.0
1477950244.55, 2921154.0
1477950244.6, 2921154.0
1477950244.65, 2921154.0
