1477950326.72, 1132.0
1477950326.88, 1146.0
1477950327.04, 1159.0
1477950327.13, 1167.0
1477950327.22, 1176.0
1477950327.32, 1186.0
1477950327.42, 1194.0
1477950327.52, 1204.0
1477950327.59, 1211.0
1477950327.67, 1220.0
1477950327.77, 1230.0
1477950327.9, 1246.0
1477950328.05, 1262.0
1477950328.1, 1266.0
1477950328.15, 1268.0
1477950328.2, 1270.0
1477950328.25, 1273.0
1477950328.3, 1276.0
1477950328.35, 1278.0
1477950328.4, 1282.0
1477950328.45, 1283.0
1477950328.5, 1286.0
1477950328.55, 1287.0
1477950328.6, 1291.0
1477950328.66, 1292.0
1477950328.71, 1295.0
1477950328.76, 1297.0
1477950328.81, 1298.0
1477950328.86, 1301.0
1477950328.91, 1303.0
1477950328.96, 1305.0
1477950329.01, 1307.0
1477950329.06, 1307.0
1477950329.11, 1310.0
1477950329.16, 1313.0
1477950329.21, 1314.0
1477950329.26, 1318.0
1477950329.31, 1320.0
1477950329.36, 1322.0
1477950329.41, 1322.0
1477950329.46, 1323.0
1477950329.51, 1323.0
1477950329.56, 1324.0
1477950329.61, 1325.0
1477950329.66, 1325.0
1477950329.72, 1325.0
1477950329.77, 1325.0
1477950329.82, 1325.0
1477950329.87, 1325.0
1477950329.92, 1325.0
1477950329.97, 1325.0
1477950330.02, 1325.0
1477950330.07, 1325.0
1477950330.12, 1326.0
1477950330.17, 1326.0
1477950330.22, 1329.0
1477950330.27, 1329.0
1477950330.32, 1331.0
1477950330.37, 1331.0
1477950330.42, 1331.0
1477950330.47, 1334.0
1477950330.52, 1335.0
1477950330.57, 1335.0
1477950330.62, 1337.0
1477950330.67, 1337.0
1477950330.72, 1339.0
1477950330.77, 1341.0
1477950330.82, 1342.0
1477950330.87, 1343.0
1477950330.93, 1343.0
1477950330.98, 1344.0
1477950331.03, 1345.0
1477950331.08, 1345.0
1477950331.13, 1347.0
1477950331.18, 1348.0
1477950331.23, 1349.0
1477950331.28, 1349.0
1477950331.33, 1349.0
1477950331.38, 1349.0
1477950331.43, 1349.0
1477950331.48, 1349.0
1477950331.53, 1349.0
1477950331.58, 1349.0
1477950331.63, 1349.0
1477950331.68, 1349.0
1477950331.73, 1349.0
1477950331.78, 1349.0
1477950331.84, 1349.0
1477950331.89, 1349.0
1477950331.94, 1349.0
1477950331.99, 1349.0
1477950332.04, 1349.0
1477950332.09, 1349.0
1477950332.14, 1350.0
1477950332.19, 1350.0
1477950332.24, 1351.0
1477950332.29, 1352.0
1477950332.34, 1352.0
1477950332.39, 1352.0
1477950332.44, 1352.0
1477950332.49, 1352.0
1477950332.54, 1352.0
1477950332.59, 1352.0
1477950332.64, 1353.0
1477950332.69, 1353.0
1477950332.74, 1354.0
1477950332.79, 1354.0
1477950332.84, 1355.0
1477950332.89, 1356.0
1477950332.94, 1356.0
1477950332.99, 1356.0
1477950333.04, 1356.0
1477950333.09, 1356.0
1477950333.14, 1357.0
1477950333.19, 1357.0
1477950333.24, 1357.0
1477950333.29, 1358.0
1477950333.34, 1358.0
1477950333.39, 1358.0
1477950333.44, 1360.0
1477950333.49, 1360.0
1477950333.54, 1360.0
1477950333.59, 1360.0
1477950333.64, 1360.0
1477950333.7, 1360.0
1477950333.75, 1360.0
1477950333.8, 1360.0
1477950333.85, 1360.0
1477950333.9, 1360.0
1477950333.95, 1360.0
1477950334.0, 1360.0
1477950334.05, 1360.0
1477950334.1, 1360.0
1477950334.15, 1360.0
1477950334.2, 1360.0
1477950334.25, 1360.0
1477950334.3, 1360.0
1477950334.35, 1360.0
1477950334.4, 1360.0
1477950334.45, 1360.0
1477950334.5, 1360.0
1477950334.55, 1360.0
1477950334.6, 1361.0
1477950334.65, 1361.0
1477950334.7, 1361.0
1477950334.75, 1361.0
1477950334.8, 1361.0
1477950334.85, 1361.0
1477950334.9, 1361.0
1477950334.95, 1361.0
1477950335.0, 1361.0
1477950335.05, 1361.0
1477950335.1, 1361.0
1477950335.15, 1361.0
1477950335.2, 1361.0
1477950335.25, 1361.0
1477950335.3, 1361.0
1477950335.35, 1361.0
1477950335.4, 1361.0
1477950335.46, 1361.0
1477950335.51, 1361.0
1477950335.56, 1361.0
1477950335.61, 1361.0
1477950335.66, 1361.0
1477950335.71, 1361.0
1477950335.76, 1362.0
1477950335.81, 1362.0
1477950335.86, 1362.0
1477950335.91, 1362.0
1477950335.96, 1362.0
1477950336.01, 1362.0
1477950336.06, 1362.0
1477950336.11, 1362.0
1477950336.16, 1362.0
1477950336.21, 1362.0
1477950336.26, 1362.0
1477950336.31, 1363.0
1477950336.36, 1363.0
1477950336.41, 1363.0
1477950336.46, 1363.0
1477950336.51, 1363.0
1477950336.56, 1363.0
1477950336.61, 1363.0
1477950336.66, 1363.0
1477950336.71, 1363.0
1477950336.76, 1363.0
1477950336.81, 1363.0
1477950336.86, 1363.0
1477950336.91, 1364.0
1477950336.96, 1364.0
1477950337.01, 1364.0
1477950337.06, 1364.0
1477950337.11, 1364.0
1477950337.17, 1364.0
1477950337.22, 1364.0
1477950337.27, 1364.0
1477950337.32, 1364.0
1477950337.37, 1364.0
1477950337.42, 1364.0
1477950337.47, 1364.0
1477950337.52, 1364.0
1477950337.57, 1364.0
1477950337.62, 1364.0
1477950337.67, 1364.0
1477950337.72, 1364.0
1477950337.77, 1364.0
1477950337.82, 1364.0
1477950337.87, 1364.0
1477950337.92, 1364.0
1477950337.97, 1364.0
1477950338.02, 1364.0
1477950338.07, 1365.0
1477950338.12, 1365.0
1477950338.17, 1365.0
1477950338.22, 1365.0
1477950338.27, 1365.0
1477950338.32, 1365.0
1477950338.37, 1365.0
1477950338.42, 1365.0
1477950338.47, 1365.0
1477950338.52, 1365.0
1477950338.57, 1365.0
1477950338.63, 1365.0
1477950338.68, 1365.0
1477950338.73, 1365.0
1477950338.78, 1365.0
1477950338.83, 1365.0
1477950338.88, 1365.0
1477950338.93, 1365.0
1477950338.98, 1365.0
1477950339.03, 1365.0
1477950339.08, 1365.0
1477950339.13, 1365.0
1477950339.18, 1365.0
1477950339.23, 1365.0
1477950339.28, 1365.0
1477950339.33, 1365.0
1477950339.38, 1365.0
1477950339.43, 1365.0
1477950339.48, 1365.0
1477950339.53, 1365.0
1477950339.58, 1365.0
1477950339.63, 1365.0
1477950339.68, 1365.0
1477950339.73, 1365.0
1477950339.78, 1365.0
1477950339.83, 1365.0
1477950339.88, 1365.0
1477950339.93, 1365.0
1477950339.98, 1365.0
1477950340.03, 1365.0
1477950340.08, 1365.0
1477950340.13, 1365.0
1477950340.18, 1365.0
1477950340.23, 1365.0
1477950340.28, 1365.0
1477950340.33, 1365.0
1477950340.38, 1365.0
1477950340.43, 1365.0
1477950340.48, 1365.0
1477950340.53, 1365.0
1477950340.58, 1365.0
1477950340.63, 1365.0
1477950340.69, 1365.0
1477950340.74, 1365.0
1477950340.79, 1365.0
1477950340.84, 1365.0
1477950340.89, 1365.0
1477950340.94, 1365.0
1477950340.99, 1365.0
1477950341.04, 1365.0
1477950341.09, 1365.0
1477950341.14, 1365.0
1477950341.19, 1365.0
1477950341.24, 1365.0
1477950341.29, 1365.0
1477950341.34, 1366.0
1477950341.39, 1366.0
1477950341.44, 1366.0
1477950341.49, 1366.0
1477950341.54, 1366.0
1477950341.59, 1366.0
1477950341.64, 1366.0
1477950341.69, 1366.0
1477950341.74, 1366.0
1477950341.79, 1366.0
1477950341.84, 1366.0
1477950341.89, 1366.0
1477950341.94, 1366.0
1477950341.99, 1366.0
1477950342.04, 1366.0
1477950342.09, 1366.0
1477950342.14, 1366.0
1477950342.19, 1366.0
1477950342.24, 1366.0
1477950342.29, 1366.0
1477950342.34, 1366.0
1477950342.39, 1366.0
1477950342.44, 1366.0
1477950342.49, 1366.0
1477950342.54, 1366.0
1477950342.59, 1366.0
1477950342.64, 1366.0
1477950342.69, 1366.0
1477950342.74, 1366.0
1477950342.79, 1366.0
1477950342.84, 1366.0
1477950342.89, 1366.0
1477950342.94, 1366.0
1477950343.0, 1366.0
1477950343.05, 1366.0
1477950343.1, 1366.0
1477950343.15, 1366.0
1477950343.2, 1366.0
1477950343.25, 1367.0
1477950343.3, 1367.0
1477950343.35, 1367.0
1477950343.4, 1367.0
1477950343.45, 1367.0
1477950343.5, 1367.0
1477950343.55, 1367.0
1477950343.6, 1367.0
1477950343.65, 1367.0
1477950343.7, 1367.0
1477950343.75, 1368.0
1477950343.8, 1368.0
1477950343.85, 1368.0
1477950343.9, 1368.0
1477950343.95, 1368.0
1477950344.0, 1368.0
1477950344.05, 1368.0
1477950344.1, 1368.0
1477950344.15, 1368.0
1477950344.2, 1368.0
1477950344.25, 1368.0
1477950344.3, 1368.0
1477950344.35, 1368.0
1477950344.4, 1368.0
1477950344.45, 1368.0
1477950344.5, 1368.0
1477950344.55, 1369.0
1477950344.6, 1369.0
1477950344.65, 1369.0
1477950344.7, 1369.0
1477950344.75, 1369.0
1477950344.8, 1369.0
1477950344.85, 1369.0
1477950344.9, 1369.0
1477950344.95, 1369.0
1477950345.0, 1369.0
1477950345.05, 1369.0
1477950345.11, 1369.0
1477950345.16, 1369.0
1477950345.21, 1369.0
1477950345.26, 1369.0
1477950345.31, 1369.0
1477950345.36, 1369.0
1477950345.41, 1369.0
1477950345.46, 1369.0
1477950345.51, 1369.0
1477950345.56, 1369.0
1477950345.61, 1369.0
1477950345.66, 1369.0
1477950345.71, 1369.0
1477950345.76, 1369.0
1477950345.81, 1369.0
1477950345.86, 1369.0
1477950345.91, 1369.0
1477950345.96, 1369.0
1477950346.01, 1369.0
1477950346.06, 1369.0
1477950346.11, 1369.0
1477950346.16, 1369.0
1477950346.22, 1369.0
1477950346.27, 1369.0
1477950346.32, 1369.0
1477950346.37, 1369.0
1477950346.42, 1369.0
1477950346.47, 1369.0
1477950346.52, 1369.0
1477950346.57, 1369.0
1477950346.62, 1369.0
1477950346.67, 1369.0
1477950346.72, 1369.0
1477950346.77, 1369.0
1477950346.82, 1369.0
1477950346.87, 1369.0
1477950346.92, 1369.0
1477950346.97, 1369.0
1477950347.02, 1369.0
1477950347.07, 1369.0
1477950347.12, 1369.0
1477950347.17, 1369.0
1477950347.22, 1369.0
1477950347.27, 1369.0
1477950347.32, 1369.0
1477950347.37, 1369.0
1477950347.42, 1369.0
1477950347.47, 1369.0
1477950347.52, 1369.0
1477950347.57, 1369.0
1477950347.62, 1369.0
1477950347.67, 1369.0
1477950347.72, 1369.0
1477950347.77, 1369.0
1477950347.82, 1369.0
1477950347.87, 1369.0
1477950347.92, 1369.0
1477950347.98, 1369.0
1477950348.03, 1369.0
1477950348.08, 1369.0
1477950348.13, 1369.0
1477950348.18, 1369.0
1477950348.23, 1369.0
1477950348.28, 1369.0
1477950348.33, 1369.0
1477950348.38, 1369.0
1477950348.43, 1369.0
1477950348.48, 1369.0
1477950348.53, 1369.0
1477950348.58, 1369.0
1477950348.63, 1369.0
1477950348.68, 1369.0
1477950348.73, 1369.0
1477950348.78, 1369.0
1477950348.83, 1369.0
1477950348.88, 1369.0
1477950348.93, 1369.0
1477950348.98, 1369.0
1477950349.03, 1369.0
1477950349.1, 1369.0
1477950349.15, 1369.0
1477950349.2, 1369.0
1477950349.25, 1369.0
1477950349.3, 1369.0
1477950349.35, 1369.0
1477950349.4, 1369.0
1477950349.45, 1369.0
1477950349.5, 1369.0
1477950349.55, 1369.0
1477950349.6, 1369.0
1477950349.65, 1369.0
1477950349.7, 1370.0
1477950349.75, 1370.0
1477950349.8, 1370.0
1477950349.85, 1370.0
1477950349.9, 1370.0
1477950349.95, 1370.0
1477950350.0, 1370.0
1477950350.05, 1370.0
1477950350.1, 1370.0
1477950350.15, 1370.0
1477950350.2, 1370.0
1477950350.25, 1370.0
1477950350.3, 1370.0
1477950350.35, 1370.0
1477950350.4, 1370.0
1477950350.45, 1370.0
1477950350.5, 1370.0
1477950350.55, 1370.0
1477950350.6, 1370.0
1477950350.66, 1370.0
1477950350.71, 1371.0
1477950350.76, 1371.0
1477950350.81, 1371.0
1477950350.86, 1371.0
1477950350.91, 1371.0
1477950350.96, 1371.0
1477950351.01, 1371.0
1477950351.06, 1371.0
1477950351.11, 1371.0
1477950351.16, 1371.0
1477950351.21, 1371.0
1477950351.26, 1371.0
1477950351.31, 1371.0
1477950351.36, 1371.0
1477950351.41, 1371.0
1477950351.46, 1371.0
1477950351.51, 1371.0
1477950351.56, 1371.0
1477950351.61, 1371.0
1477950351.66, 1371.0
1477950351.71, 1372.0
1477950351.76, 1372.0
1477950351.81, 1372.0
1477950351.86, 1372.0
1477950351.91, 1372.0
1477950351.96, 1372.0
1477950352.01, 1372.0
1477950352.06, 1372.0
1477950352.11, 1372.0
1477950352.16, 1372.0
1477950352.21, 1372.0
1477950352.27, 1372.0
1477950352.32, 1373.0
1477950352.37, 1373.0
1477950352.42, 1373.0
1477950352.47, 1373.0
1477950352.52, 1373.0
1477950352.57, 1373.0
1477950352.62, 1373.0
1477950352.67, 1374.0
1477950352.72, 1374.0
1477950352.77, 1374.0
1477950352.82, 1374.0
1477950352.87, 1374.0
1477950352.92, 1374.0
1477950352.97, 1374.0
1477950353.02, 1374.0
1477950353.07, 1374.0
1477950353.12, 1374.0
1477950353.17, 1374.0
1477950353.22, 1374.0
1477950353.27, 1374.0
1477950353.32, 1374.0
1477950353.37, 1374.0
1477950353.42, 1374.0
1477950353.47, 1374.0
1477950353.52, 1374.0
1477950353.57, 1374.0
1477950353.62, 1374.0
1477950353.67, 1374.0
1477950353.72, 1374.0
1477950353.77, 1374.0
1477950353.82, 1374.0
1477950353.87, 1374.0
1477950353.92, 1374.0
1477950353.97, 1374.0
1477950354.02, 1374.0
1477950354.07, 1374.0
1477950354.12, 1374.0
1477950354.17, 1374.0
1477950354.22, 1374.0
1477950354.27, 1374.0
1477950354.32, 1374.0
1477950354.38, 1374.0
1477950354.43, 1374.0
1477950354.48, 1374.0
1477950354.53, 1374.0
1477950354.58, 1374.0
1477950354.63, 1374.0
1477950354.68, 1374.0
1477950354.73, 1374.0
1477950354.78, 1374.0
1477950354.83, 1374.0
1477950354.88, 1374.0
1477950354.93, 1374.0
1477950354.98, 1374.0
1477950355.03, 1374.0
1477950355.08, 1374.0
1477950355.13, 1374.0
1477950355.18, 1374.0
1477950355.23, 1374.0
1477950355.28, 1374.0
1477950355.33, 1374.0
1477950355.38, 1374.0
1477950355.43, 1374.0
1477950355.48, 1374.0
1477950355.53, 1374.0
1477950355.58, 1374.0
1477950355.63, 1374.0
1477950355.68, 1374.0
1477950355.73, 1374.0
1477950355.78, 1374.0
1477950355.83, 1374.0
1477950355.88, 1374.0
1477950355.93, 1374.0
1477950355.98, 1374.0
1477950356.03, 1374.0
1477950356.08, 1374.0
1477950356.13, 1374.0
1477950356.18, 1374.0
1477950356.24, 1374.0
1477950356.29, 1374.0
1477950356.34, 1374.0
1477950356.39, 1374.0
1477950356.44, 1374.0
1477950356.49, 1374.0
1477950356.54, 1374.0
1477950356.59, 1374.0
1477950356.65, 1374.0
1477950356.7, 1374.0
1477950356.75, 1374.0
1477950356.8, 1374.0
1477950356.85, 1374.0
1477950356.9, 1374.0
1477950356.95, 1374.0
1477950357.0, 1374.0
1477950357.05, 1374.0
1477950357.1, 1374.0
1477950357.15, 1374.0
1477950357.2, 1374.0
1477950357.25, 1374.0
1477950357.3, 1374.0
1477950357.35, 1374.0
1477950357.4, 1374.0
1477950357.45, 1374.0
1477950357.5, 1374.0
1477950357.55, 1374.0
1477950357.61, 1374.0
1477950357.66, 1374.0
1477950357.71, 1374.0
1477950357.76, 1374.0
1477950357.81, 1374.0
1477950357.86, 1374.0
1477950357.91, 1374.0
1477950357.96, 1374.0
1477950358.01, 1374.0
1477950358.06, 1374.0
