1477950326.780597,17
1477950326.971468,16
1477950327.111511,17
1477950327.248646,16
1477950327.383506,16
1477950327.523041,15
1477950327.652495,16
1477950327.795708,15
1477950327.975684,17
1477950328.095802,17
1477950328.200513,16
1477950328.315752,17
1477950328.423620,16
1477950328.530898,15
1477950328.658718,15
1477950328.768201,16
1477950328.881144,17
1477950328.999236,17
1477950329.103710,17
1477950329.226724,14
1477950329.346404,12
1477950329.451278,11
1477950329.555852,11
1477950329.660932,11
1477950329.765329,11
1477950329.876510,12
1477950330.004577,12
1477950330.113783,13
1477950330.227328,14
1477950330.340905,16
1477950330.448520,16
1477950330.562362,15
1477950330.667097,16
1477950330.777497,15
1477950330.910420,16
1477950331.023953,15
1477950331.138159,16
1477950331.268142,13
1477950331.374027,14
1477950331.480122,13
1477950331.590853,13
1477950331.702077,13
1477950331.825536,14
1477950331.930313,13
1477950332.035091,14
1477950332.145411,16
1477950332.255767,16
1477950332.359972,16
1477950332.464195,17
1477950332.568234,17
1477950332.673178,16
1477950332.777582,16
1477950332.884283,15
1477950332.988816,15
1477950333.096180,15
1477950333.216349,15
1477950333.321229,17
1477950333.425937,16
1477950333.530679,15
1477950333.636358,16
1477950333.741507,15
1477950333.847997,15
1477950333.955304,15
1477950334.065910,15
1477950334.180468,15
1477950334.285105,16
1477950334.389908,15
1477950334.494565,16
1477950334.599418,16
1477950334.710508,16
1477950334.820998,16
1477950334.925663,17
1477950335.030581,16
1477950335.135826,16
1477950335.240585,16
1477950335.344911,17
1477950335.449479,16
1477950335.554567,16
1477950335.662845,16
1477950335.773150,16
1477950335.877286,16
1477950335.981574,16
1477950336.086003,16
1477950336.190975,17
1477950336.299960,16
1477950336.404918,16
1477950336.509405,15
1477950336.618442,16
1477950336.728798,16
1477950336.832968,16
1477950336.937940,16
1477950337.042546,16
1477950337.148156,17
1477950337.252850,16
1477950337.357863,16
1477950337.462433,17
1477950337.567023,17
1477950337.676416,17
1477950337.785602,16
1477950337.892736,16
1477950337.997809,16
1477950338.102625,17
1477950338.207305,17
1477950338.312729,16
1477950338.417454,16
1477950338.523669,17
1477950338.637588,16
1477950338.746757,16
1477950338.851580,16
1477950338.956235,17
1477950339.060620,17
1477950339.165115,16
1477950339.269823,16
1477950339.374403,16
1477950339.484269,16
1477950339.594641,16
1477950339.700386,17
1477950339.804818,16
1477950339.914740,17
1477950340.019264,16
1477950340.124396,16
1477950340.229386,17
1477950340.336086,16
1477950340.447373,16
1477950340.554907,17
1477950340.660481,16
1477950340.764828,16
1477950340.869914,17
1477950340.974549,16
1477950341.079194,16
1477950341.184540,16
1477950341.293462,16
1477950341.404159,16
1477950341.508294,16
1477950341.612616,17
1477950341.718644,16
1477950341.823184,16
1477950341.928118,16
1477950342.032884,17
1477950342.137546,16
1477950342.245846,16
1477950342.357118,17
1477950342.462732,16
1477950342.566933,16
1477950342.671858,17
1477950342.776207,17
1477950342.880625,16
1477950342.985528,16
1477950343.090542,17
1477950343.197327,16
1477950343.308378,16
1477950343.416382,17
1477950343.520855,16
1477950343.633135,16
1477950343.737590,16
1477950343.842468,16
1477950343.947080,16
1477950344.068474,15
1477950344.172987,15
1477950344.277370,16
1477950344.382124,15
1477950344.486486,16
1477950344.591179,16
1477950344.695856,17
1477950344.800812,17
1477950344.908528,17
1477950345.018123,16
1477950345.124160,17
1477950345.228688,16
1477950345.342622,16
1477950345.447323,17
1477950345.552310,16
1477950345.657615,16
1477950345.787216,16
1477950345.898263,16
1477950346.004148,16
1477950346.131868,17
1477950346.259257,16
1477950346.364176,17
1477950346.472273,16
1477950346.593190,17
1477950346.697703,17
1477950346.802177,16
1477950346.906531,16
1477950347.010807,17
1477950347.115487,17
1477950347.219813,17
1477950347.328895,17
1477950347.440172,17
1477950347.544518,16
1477950347.649279,16
1477950347.755586,17
1477950347.860350,16
1477950347.964945,16
1477950348.069552,16
1477950348.174266,17
1477950348.292301,16
1477950348.397563,17
1477950348.502585,16
1477950348.615050,16
1477950348.719800,17
1477950348.828286,16
1477950348.936829,16
1477950349.064428,17
1477950349.169173,17
1477950349.274219,17
1477950349.378750,16
1477950349.483416,16
1477950349.587835,17
1477950349.692349,16
1477950349.797074,15
1477950349.905302,16
1477950350.016738,16
1477950350.122192,15
1477950350.227138,15
1477950350.331867,16
1477950350.436659,16
1477950350.541628,15
1477950350.646002,16
1477950350.751407,17
1477950350.855708,17
1477950350.967146,16
1477950351.076571,17
1477950351.195565,17
1477950351.299998,16
1477950351.405166,17
1477950351.510139,17
1477950351.620772,16
1477950351.731142,17
1477950351.835812,17
1477950351.940386,16
1477950352.045564,16
1477950352.150542,17
1477950352.255795,16
1477950352.360651,15
1477950352.465045,15
1477950352.575623,16
1477950352.686239,16
1477950352.790755,17
1477950352.901234,16
1477950353.005977,17
1477950353.110329,16
1477950353.214874,16
1477950353.319519,17
1477950353.431898,17
1477950353.539078,16
1477950353.643436,17
1477950353.748020,17
1477950353.852497,17
1477950353.956997,16
1477950354.061524,16
1477950354.165945,17
1477950354.270795,17
1477950354.377451,16
1477950354.488425,16
1477950354.595459,17
1477950354.700200,16
1477950354.805561,17
1477950354.910446,17
1477950355.015075,17
1477950355.119736,16
1477950355.224485,17
1477950355.328956,17
1477950355.440038,17
1477950355.549419,17
1477950355.654247,17
1477950355.759352,16
1477950355.867336,17
1477950355.971731,16
1477950356.076127,16
1477950356.180939,17
1477950356.287274,17
1477950356.398558,16
1477950356.509365,16
1477950356.639060,16
1477950356.744912,17
1477950356.849583,16
1477950356.964508,16
1477950357.087822,16
1477950357.192593,17
1477950357.298515,17
1477950357.408369,17
1477950357.519118,17
1477950357.627631,17
1477950357.732114,17
1477950357.836641,16
1477950357.941344,16
1477950358.048089,17
