1477950326.72, 23951.0
1477950326.88, 23951.0
1477950327.04, 23951.0
1477950327.13, 23951.0
1477950327.22, 23951.0
1477950327.32, 23951.0
1477950327.42, 23951.0
1477950327.52, 23951.0
1477950327.59, 23951.0
1477950327.67, 23951.0
1477950327.77, 24154.0
1477950327.9, 24238.0
1477950328.05, 31900.0
1477950328.1, 36388.0
1477950328.15, 43840.0
1477950328.2, 51292.0
1477950328.25, 58744.0
1477950328.3, 66238.0
1477950328.35, 73690.0
1477950328.4, 81226.0
1477950328.45, 91803.0
1477950328.5, 99297.0
1477950328.55, 108231.0
1477950328.6, 117249.0
1477950328.66, 126183.0
1477950328.71, 133677.0
1477950328.76, 136641.0
1477950328.81, 145575.0
1477950328.86, 151587.0
1477950328.91, 159039.0
1477950328.96, 166491.0
1477950329.01, 173943.0
1477950329.06, 184317.0
1477950329.11, 190287.0
1477950329.16, 199305.0
1477950329.21, 209721.0
1477950329.26, 217299.0
1477950329.31, 227757.0
1477950329.36, 238215.0
1477950329.41, 247107.0
1477950329.46, 256041.0
1477950329.51, 266415.0
1477950329.56, 275349.0
1477950329.61, 284283.0
1477950329.66, 294657.0
1477950329.72, 303549.0
1477950329.77, 312441.0
1477950329.82, 322815.0
1477950329.87, 331707.0
1477950329.92, 342081.0
1477950329.97, 350973.0
1477950330.02, 359865.0
1477950330.07, 370239.0
1477950330.12, 379173.0
1477950330.17, 388065.0
1477950330.22, 397041.0
1477950330.27, 405933.0
1477950330.32, 410379.0
1477950330.37, 420753.0
1477950330.42, 429645.0
1477950330.47, 432609.0
1477950330.52, 443025.0
1477950330.57, 451917.0
1477950330.62, 459369.0
1477950330.67, 469743.0
1477950330.72, 475671.0
1477950330.77, 484605.0
1477950330.82, 493539.0
1477950330.87, 500949.0
1477950330.93, 511323.0
1477950330.98, 518733.0
1477950331.03, 529149.0
1477950331.08, 538041.0
1477950331.13, 548499.0
1477950331.18, 557433.0
1477950331.23, 566367.0
1477950331.28, 576741.0
1477950331.33, 585633.0
1477950331.38, 594525.0
1477950331.43, 604899.0
1477950331.48, 613791.0
1477950331.53, 622683.0
1477950331.58, 633057.0
1477950331.63, 641949.0
1477950331.68, 652323.0
1477950331.73, 661215.0
1477950331.78, 670107.0
1477950331.84, 680481.0
1477950331.89, 689373.0
1477950331.94, 698265.0
1477950331.99, 708639.0
1477950332.04, 717531.0
1477950332.09, 727905.0
1477950332.14, 735315.0
1477950332.19, 744207.0
1477950332.24, 753099.0
1477950332.29, 760509.0
1477950332.34, 769401.0
1477950332.39, 779775.0
1477950332.44, 788667.0
1477950332.49, 797559.0
1477950332.54, 807933.0
1477950332.59, 816825.0
1477950332.64, 827241.0
1477950332.69, 836133.0
1477950332.74, 845067.0
1477950332.79, 855441.0
1477950332.84, 864375.0
1477950332.89, 873309.0
1477950332.94, 883683.0
1477950332.99, 892575.0
1477950333.04, 901467.0
1477950333.09, 911841.0
1477950333.14, 920775.0
1477950333.19, 929667.0
1477950333.24, 940041.0
1477950333.29, 948975.0
1477950333.34, 957867.0
1477950333.39, 968241.0
1477950333.44, 975693.0
1477950333.49, 984585.0
1477950333.54, 994959.0
1477950333.59, 1003851.0
1477950333.64, 1012743.0
1477950333.7, 1023117.0
1477950333.75, 1032009.0
1477950333.8, 1040901.0
1477950333.85, 1051275.0
1477950333.9, 1060167.0
1477950333.95, 1070541.0
1477950334.0, 1079433.0
1477950334.05, 1088325.0
1477950334.1, 1098699.0
1477950334.15, 1107591.0
1477950334.2, 1116483.0
1477950334.25, 1126857.0
1477950334.3, 1135749.0
1477950334.35, 1144641.0
1477950334.4, 1155015.0
1477950334.45, 1163907.0
1477950334.5, 1172799.0
1477950334.55, 1183173.0
1477950334.6, 1190583.0
1477950334.65, 1200957.0
1477950334.7, 1209849.0
1477950334.75, 1218741.0
1477950334.8, 1229115.0
1477950334.85, 1238007.0
1477950334.9, 1246899.0
1477950334.95, 1257273.0
1477950335.0, 1266165.0
1477950335.05, 1275057.0
1477950335.1, 1285431.0
1477950335.15, 1294323.0
1477950335.2, 1304697.0
1477950335.25, 1313589.0
1477950335.3, 1322481.0
1477950335.35, 1332855.0
1477950335.4, 1341747.0
1477950335.46, 1350639.0
1477950335.51, 1361013.0
1477950335.56, 1369905.0
1477950335.61, 1378797.0
1477950335.66, 1389171.0
1477950335.71, 1398063.0
1477950335.76, 1406955.0
1477950335.81, 1415847.0
1477950335.86, 1424739.0
1477950335.91, 1435113.0
1477950335.96, 1444005.0
1477950336.01, 1452897.0
1477950336.06, 1463271.0
1477950336.11, 1472163.0
1477950336.16, 1481055.0
1477950336.21, 1491429.0
1477950336.26, 1500321.0
1477950336.31, 1509255.0
1477950336.36, 1519629.0
1477950336.41, 1528521.0
1477950336.46, 1538895.0
1477950336.51, 1547787.0
1477950336.56, 1556679.0
1477950336.61, 1567053.0
1477950336.66, 1575945.0
1477950336.71, 1584837.0
1477950336.76, 1595211.0
1477950336.81, 1604103.0
1477950336.86, 1612995.0
1477950336.91, 1621887.0
1477950336.96, 1630779.0
1477950337.01, 1641153.0
1477950337.06, 1650045.0
1477950337.11, 1658937.0
1477950337.17, 1669311.0
1477950337.22, 1678203.0
1477950337.27, 1687095.0
1477950337.32, 1697469.0
1477950337.37, 1706361.0
1477950337.42, 1716735.0
1477950337.47, 1725627.0
1477950337.52, 1734519.0
1477950337.57, 1744893.0
1477950337.62, 1753785.0
1477950337.67, 1762677.0
1477950337.72, 1773051.0
1477950337.77, 1781943.0
1477950337.82, 1792317.0
1477950337.87, 1801209.0
1477950337.92, 1810101.0
1477950337.97, 1820475.0
1477950338.02, 1829367.0
1477950338.07, 1836777.0
1477950338.12, 1847151.0
1477950338.17, 1856043.0
1477950338.22, 1864935.0
1477950338.27, 1875309.0
1477950338.32, 1884201.0
1477950338.37, 1893093.0
1477950338.42, 1903467.0
1477950338.47, 1912359.0
1477950338.52, 1922733.0
1477950338.57, 1931625.0
1477950338.63, 1940517.0
1477950338.68, 1950891.0
1477950338.73, 1959783.0
1477950338.78, 1970157.0
1477950338.83, 1979049.0
1477950338.88, 1987941.0
1477950338.93, 1998315.0
1477950338.98, 2007207.0
1477950339.03, 2016099.0
1477950339.08, 2026473.0
1477950339.13, 2035365.0
1477950339.18, 2044257.0
1477950339.23, 2054631.0
1477950339.28, 2063523.0
1477950339.33, 2072415.0
1477950339.38, 2082789.0
1477950339.43, 2091681.0
1477950339.48, 2102055.0
1477950339.53, 2110947.0
1477950339.58, 2119839.0
1477950339.63, 2130213.0
1477950339.68, 2139105.0
1477950339.73, 2147997.0
1477950339.78, 2158371.0
1477950339.83, 2167263.0
1477950339.88, 2176155.0
1477950339.93, 2186529.0
1477950339.98, 2195421.0
1477950340.03, 2204313.0
1477950340.08, 2214687.0
1477950340.13, 2223579.0
1477950340.18, 2233953.0
1477950340.23, 2242845.0
1477950340.28, 2251737.0
1477950340.33, 2262111.0
1477950340.38, 2271003.0
1477950340.43, 2279895.0
1477950340.48, 2290269.0
1477950340.53, 2299161.0
1477950340.58, 2308053.0
1477950340.63, 2318427.0
1477950340.69, 2327319.0
1477950340.74, 2336211.0
1477950340.79, 2346585.0
1477950340.84, 2355477.0
1477950340.89, 2364369.0
1477950340.94, 2374743.0
1477950340.99, 2383635.0
1477950341.04, 2392527.0
1477950341.09, 2402901.0
1477950341.14, 2411793.0
1477950341.19, 2420685.0
1477950341.24, 2431059.0
1477950341.29, 2440154.0
1477950341.34, 2449046.0
1477950341.39, 2457938.0
1477950341.44, 2466830.0
1477950341.49, 2477204.0
1477950341.54, 2486096.0
1477950341.59, 2494988.0
1477950341.64, 2505362.0
1477950341.69, 2514254.0
1477950341.74, 2523146.0
1477950341.79, 2533520.0
1477950341.84, 2542412.0
1477950341.89, 2551304.0
1477950341.94, 2561678.0
1477950341.99, 2570570.0
1477950342.04, 2579462.0
1477950342.09, 2589836.0
1477950342.14, 2598728.0
1477950342.19, 2607620.0
1477950342.24, 2617994.0
1477950342.29, 2626886.0
1477950342.34, 2637260.0
1477950342.39, 2646152.0
1477950342.44, 2655044.0
1477950342.49, 2665418.0
1477950342.54, 2674310.0
1477950342.59, 2683202.0
1477950342.64, 2693576.0
1477950342.69, 2702468.0
1477950342.74, 2711360.0
1477950342.79, 2721734.0
1477950342.84, 2730626.0
1477950342.89, 2739518.0
1477950342.94, 2749892.0
1477950343.0, 2758784.0
1477950343.05, 2769158.0
1477950343.1, 2778050.0
1477950343.15, 2786942.0
1477950343.2, 2797316.0
1477950343.25, 2806208.0
1477950343.3, 2815100.0
1477950343.35, 2825474.0
1477950343.4, 2834366.0
1477950343.45, 2843258.0
1477950343.5, 2853632.0
1477950343.55, 2862524.0
1477950343.6, 2872898.0
1477950343.65, 2881790.0
1477950343.7, 2890682.0
1477950343.75, 2899777.0
1477950343.8, 2910151.0
1477950343.85, 2919043.0
1477950343.9, 2927935.0
1477950343.95, 2938309.0
1477950344.0, 2947201.0
1477950344.05, 2957575.0
1477950344.1, 2966467.0
1477950344.15, 2975359.0
1477950344.2, 2985733.0
1477950344.25, 2994625.0
1477950344.3, 3003517.0
1477950344.35, 3013891.0
1477950344.4, 3022783.0
1477950344.45, 3033157.0
1477950344.5, 3042049.0
1477950344.55, 3049459.0
1477950344.6, 3058351.0
1477950344.65, 3068725.0
1477950344.7, 3077617.0
1477950344.75, 3087991.0
1477950344.8, 3096883.0
1477950344.85, 3105775.0
1477950344.9, 3116149.0
1477950344.95, 3125041.0
1477950345.0, 3133933.0
1477950345.05, 3144307.0
1477950345.11, 3153199.0
1477950345.16, 3162091.0
1477950345.21, 3172465.0
1477950345.26, 3181357.0
1477950345.31, 3191731.0
1477950345.36, 3200623.0
1477950345.41, 3209515.0
1477950345.46, 3219889.0
1477950345.51, 3228781.0
1477950345.56, 3237673.0
1477950345.61, 3248047.0
1477950345.66, 3256939.0
1477950345.71, 3265831.0
1477950345.76, 3276205.0
1477950345.81, 3285097.0
1477950345.86, 3293989.0
1477950345.91, 3304363.0
1477950345.96, 3313255.0
1477950346.01, 3322147.0
1477950346.06, 3332521.0
1477950346.11, 3342895.0
1477950346.16, 3351787.0
1477950346.22, 3360679.0
1477950346.27, 3371053.0
1477950346.32, 3379945.0
1477950346.37, 3390319.0
1477950346.42, 3399211.0
1477950346.47, 3408103.0
1477950346.52, 3418477.0
1477950346.57, 3427369.0
1477950346.62, 3436261.0
1477950346.67, 3446635.0
1477950346.72, 3455527.0
1477950346.77, 3465901.0
1477950346.82, 3474793.0
1477950346.87, 3483685.0
1477950346.92, 3494059.0
1477950346.97, 3502951.0
1477950347.02, 3511843.0
1477950347.07, 3522217.0
1477950347.12, 3531109.0
1477950347.17, 3540001.0
1477950347.22, 3550375.0
1477950347.27, 3559267.0
1477950347.32, 3568159.0
1477950347.37, 3578533.0
1477950347.42, 3587425.0
1477950347.47, 3596317.0
1477950347.52, 3606691.0
1477950347.57, 3615583.0
1477950347.62, 3624475.0
1477950347.67, 3634849.0
1477950347.72, 3643741.0
1477950347.77, 3654115.0
1477950347.82, 3663007.0
1477950347.87, 3671899.0
1477950347.92, 3682273.0
1477950347.98, 3691165.0
1477950348.03, 3700057.0
1477950348.08, 3710431.0
1477950348.13, 3719323.0
1477950348.18, 3729697.0
1477950348.23, 3738589.0
1477950348.28, 3747481.0
1477950348.33, 3757855.0
1477950348.38, 3766747.0
1477950348.43, 3775639.0
1477950348.48, 3786013.0
1477950348.53, 3794905.0
1477950348.58, 3803797.0
1477950348.63, 3814171.0
1477950348.68, 3823063.0
1477950348.73, 3831955.0
1477950348.78, 3842329.0
1477950348.83, 3851221.0
1477950348.88, 3861595.0
1477950348.93, 3870487.0
1477950348.98, 3879379.0
1477950349.03, 3889753.0
1477950349.1, 3901609.0
1477950349.15, 3910501.0
1477950349.2, 3920875.0
1477950349.25, 3929767.0
1477950349.3, 3938659.0
1477950349.35, 3949033.0
1477950349.4, 3957925.0
1477950349.45, 3966817.0
1477950349.5, 3977191.0
1477950349.55, 3986083.0
1477950349.6, 3996457.0
1477950349.65, 4005349.0
1477950349.7, 4014241.0
1477950349.75, 4024615.0
1477950349.8, 4033507.0
1477950349.85, 4042399.0
1477950349.9, 4052773.0
1477950349.95, 4061665.0
1477950350.0, 4070557.0
1477950350.05, 4080931.0
1477950350.1, 4089823.0
1477950350.15, 4098715.0
1477950350.2, 4109089.0
1477950350.25, 4117981.0
1477950350.3, 4128355.0
1477950350.35, 4137247.0
1477950350.4, 4146139.0
1477950350.45, 4156513.0
1477950350.5, 4165405.0
1477950350.55, 4174297.0
1477950350.6, 4184671.0
1477950350.66, 4193563.0
1477950350.71, 4200973.0
1477950350.76, 4211347.0
1477950350.81, 4220239.0
1477950350.86, 4230613.0
1477950350.91, 4239505.0
1477950350.96, 4248397.0
1477950351.01, 4258771.0
1477950351.06, 4267663.0
1477950351.11, 4276555.0
1477950351.16, 4286929.0
1477950351.21, 4295821.0
1477950351.26, 4306195.0
1477950351.31, 4315087.0
1477950351.36, 4323979.0
1477950351.41, 4334353.0
1477950351.46, 4343245.0
1477950351.51, 4352137.0
1477950351.56, 4362511.0
1477950351.61, 4371403.0
1477950351.66, 4380295.0
1477950351.71, 4389187.0
1477950351.76, 4398079.0
1477950351.81, 4408453.0
1477950351.86, 4417345.0
1477950351.91, 4426237.0
1477950351.96, 4436611.0
1477950352.01, 4445503.0
1477950352.06, 4454395.0
1477950352.11, 4464769.0
1477950352.16, 4473661.0
1477950352.21, 4482553.0
1477950352.27, 4492927.0
1477950352.32, 4502022.0
1477950352.37, 4510914.0
1477950352.42, 4521288.0
1477950352.47, 4530180.0
1477950352.52, 4539072.0
1477950352.57, 4549446.0
1477950352.62, 4558338.0
1477950352.67, 4565748.0
1477950352.72, 4576122.0
1477950352.77, 4585014.0
1477950352.82, 4595388.0
1477950352.87, 4604280.0
1477950352.92, 4613172.0
1477950352.97, 4623546.0
1477950353.02, 4632438.0
1477950353.07, 4641330.0
1477950353.12, 4651704.0
1477950353.17, 4660596.0
1477950353.22, 4669488.0
1477950353.27, 4679862.0
1477950353.32, 4688754.0
1477950353.37, 4697646.0
1477950353.42, 4708020.0
1477950353.47, 4716912.0
1477950353.52, 4727286.0
1477950353.57, 4736178.0
1477950353.62, 4745070.0
1477950353.67, 4755444.0
1477950353.72, 4764336.0
1477950353.77, 4773228.0
1477950353.82, 4783602.0
1477950353.87, 4792494.0
1477950353.92, 4801386.0
1477950353.97, 4811760.0
1477950354.02, 4820652.0
1477950354.07, 4829544.0
1477950354.12, 4839918.0
1477950354.17, 4848810.0
1477950354.22, 4859184.0
1477950354.27, 4868076.0
1477950354.32, 4876968.0
1477950354.38, 4887342.0
1477950354.43, 4896234.0
1477950354.48, 4905126.0
1477950354.53, 4915500.0
1477950354.58, 4924392.0
1477950354.63, 4933284.0
1477950354.68, 4943658.0
1477950354.73, 4952550.0
1477950354.78, 4961442.0
1477950354.83, 4971816.0
1477950354.88, 4980708.0
1477950354.93, 4989600.0
1477950354.98, 4999974.0
1477950355.03, 5008866.0
1477950355.08, 5019240.0
1477950355.13, 5028132.0
1477950355.18, 5037024.0
1477950355.23, 5047398.0
1477950355.28, 5056290.0
1477950355.33, 5065182.0
1477950355.38, 5075556.0
1477950355.43, 5084448.0
1477950355.48, 5094822.0
1477950355.53, 5103714.0
1477950355.58, 5112606.0
1477950355.63, 5122980.0
1477950355.68, 5131872.0
1477950355.73, 5140764.0
1477950355.78, 5151138.0
1477950355.83, 5160030.0
1477950355.88, 5168922.0
1477950355.93, 5179296.0
1477950355.98, 5188188.0
1477950356.03, 5197080.0
1477950356.08, 5207454.0
1477950356.13, 5216346.0
1477950356.18, 5226720.0
1477950356.24, 5235612.0
1477950356.29, 5244504.0
1477950356.34, 5254878.0
1477950356.39, 5263770.0
1477950356.44, 5272662.0
1477950356.49, 5283036.0
1477950356.54, 5291928.0
1477950356.59, 5300820.0
1477950356.65, 5312676.0
1477950356.7, 5323050.0
1477950356.75, 5331942.0
1477950356.8, 5342316.0
1477950356.85, 5351208.0
1477950356.9, 5360100.0
1477950356.95, 5370474.0
1477950357.0, 5379366.0
1477950357.05, 5388258.0
1477950357.1, 5398632.0
1477950357.15, 5407524.0
1477950357.2, 5416416.0
1477950357.25, 5426790.0
1477950357.3, 5435682.0
1477950357.35, 5446056.0
1477950357.4, 5454948.0
1477950357.45, 5463840.0
1477950357.5, 5474214.0
1477950357.55, 5483106.0
1477950357.61, 5491998.0
1477950357.66, 5502372.0
1477950357.71, 5511264.0
1477950357.76, 5520156.0
1477950357.81, 5530530.0
1477950357.86, 5539422.0
1477950357.91, 5548314.0
1477950357.96, 5558688.0
1477950358.01, 5567580.0
1477950358.06, 5576472.0
