1477950326.72, 2579258.0
1477950326.88, 2618094.0
1477950327.04, 2645148.0
1477950327.13, 2664566.0
1477950327.22, 2682602.0
1477950327.32, 2702086.0
1477950327.42, 2723018.0
1477950327.52, 2738158.0
1477950327.59, 2750138.0
1477950327.67, 2766660.0
1477950327.77, 2784630.0
1477950327.9, 2804180.0
1477950328.05, 2825112.0
1477950328.1, 2831168.0
1477950328.15, 2834196.0
1477950328.2, 2835710.0
1477950328.25, 2838738.0
1477950328.3, 2840252.0
1477950328.35, 2841766.0
1477950328.4, 2843280.0
1477950328.45, 2843280.0
1477950328.5, 2843280.0
1477950328.55, 2844794.0
1477950328.6, 2844794.0
1477950328.66, 2862566.0
1477950328.71, 2865528.0
1477950328.76, 2871452.0
1477950328.81, 2871452.0
1477950328.86, 2872966.0
1477950328.91, 2875994.0
1477950328.96, 2880536.0
1477950329.01, 2883564.0
1477950329.06, 2883564.0
1477950329.11, 2886592.0
1477950329.16, 2886592.0
1477950329.21, 2886592.0
1477950329.26, 2886592.0
1477950329.31, 2886592.0
1477950329.36, 2886592.0
1477950329.41, 2886592.0
1477950329.46, 2886592.0
1477950329.51, 2886592.0
1477950329.56, 2886592.0
1477950329.61, 2886592.0
1477950329.66, 2886592.0
1477950329.72, 2886592.0
1477950329.77, 2886592.0
1477950329.82, 2886592.0
1477950329.87, 2886592.0
1477950329.92, 2886592.0
1477950329.97, 2886592.0
1477950330.02, 2886592.0
1477950330.07, 2886592.0
1477950330.12, 2888106.0
1477950330.17, 2888106.0
1477950330.22, 2894096.0
1477950330.27, 2894096.0
1477950330.32, 2901600.0
1477950330.37, 2901600.0
1477950330.42, 2901600.0
1477950330.47, 2909104.0
1477950330.52, 2909104.0
1477950330.57, 2909104.0
1477950330.62, 2918188.0
1477950330.67, 2918188.0
1477950330.72, 2918188.0
1477950330.77, 2919702.0
1477950330.82, 2919702.0
1477950330.87, 2921216.0
1477950330.93, 2921216.0
1477950330.98, 2925758.0
1477950331.03, 2925758.0
1477950331.08, 2925758.0
1477950331.13, 2925758.0
1477950331.18, 2925758.0
1477950331.23, 2925758.0
1477950331.28, 2925758.0
1477950331.33, 2925758.0
1477950331.38, 2925758.0
1477950331.43, 2925758.0
1477950331.48, 2925758.0
1477950331.53, 2925758.0
1477950331.58, 2925758.0
1477950331.63, 2925758.0
1477950331.68, 2925758.0
1477950331.73, 2925758.0
1477950331.78, 2925758.0
1477950331.84, 2925758.0
1477950331.89, 2925758.0
1477950331.94, 2925758.0
1477950331.99, 2925758.0
1477950332.04, 2927272.0
1477950332.09, 2927272.0
1477950332.14, 2931814.0
1477950332.19, 2931814.0
1477950332.24, 2931814.0
1477950332.29, 2934842.0
1477950332.34, 2934842.0
1477950332.39, 2934842.0
1477950332.44, 2934842.0
1477950332.49, 2934842.0
1477950332.54, 2934842.0
1477950332.59, 2934842.0
1477950332.64, 2934842.0
1477950332.69, 2934842.0
1477950332.74, 2934842.0
1477950332.79, 2934842.0
1477950332.84, 2934842.0
1477950332.89, 2934842.0
1477950332.94, 2934842.0
1477950332.99, 2934842.0
1477950333.04, 2934842.0
1477950333.09, 2934842.0
1477950333.14, 2934842.0
1477950333.19, 2934842.0
1477950333.24, 2934842.0
1477950333.29, 2936356.0
1477950333.34, 2936356.0
1477950333.39, 2936356.0
1477950333.44, 2939384.0
1477950333.49, 2939384.0
1477950333.54, 2939384.0
1477950333.59, 2939384.0
1477950333.64, 2939384.0
1477950333.7, 2939384.0
1477950333.75, 2939384.0
1477950333.8, 2939384.0
1477950333.85, 2939384.0
1477950333.9, 2939384.0
1477950333.95, 2939384.0
1477950334.0, 2939384.0
1477950334.05, 2939384.0
1477950334.1, 2939384.0
1477950334.15, 2939384.0
1477950334.2, 2939384.0
1477950334.25, 2939384.0
1477950334.3, 2939384.0
1477950334.35, 2939384.0
1477950334.4, 2939384.0
1477950334.45, 2940898.0
1477950334.5, 2940898.0
1477950334.55, 2940898.0
1477950334.6, 2943926.0
1477950334.65, 2943926.0
1477950334.7, 2943926.0
1477950334.75, 2943926.0
1477950334.8, 2943926.0
1477950334.85, 2943926.0
1477950334.9, 2943926.0
1477950334.95, 2943926.0
1477950335.0, 2943926.0
1477950335.05, 2943926.0
1477950335.1, 2943926.0
1477950335.15, 2943926.0
1477950335.2, 2943926.0
1477950335.25, 2943926.0
1477950335.3, 2943926.0
1477950335.35, 2943926.0
1477950335.4, 2943926.0
1477950335.46, 2943926.0
1477950335.51, 2943926.0
1477950335.56, 2943926.0
1477950335.61, 2945440.0
1477950335.66, 2945440.0
1477950335.71, 2945440.0
1477950335.76, 2948468.0
1477950335.81, 2948468.0
1477950335.86, 2948468.0
1477950335.91, 2948468.0
1477950335.96, 2948468.0
1477950336.01, 2948468.0
1477950336.06, 2948468.0
1477950336.11, 2948468.0
1477950336.16, 2948468.0
1477950336.21, 2948468.0
1477950336.26, 2948468.0
1477950336.31, 2948468.0
1477950336.36, 2948468.0
1477950336.41, 2948468.0
1477950336.46, 2948468.0
1477950336.51, 2948468.0
1477950336.56, 2948468.0
1477950336.61, 2948468.0
1477950336.66, 2948468.0
1477950336.71, 2948468.0
1477950336.76, 2948468.0
1477950336.81, 2949982.0
1477950336.86, 2949982.0
1477950336.91, 2953010.0
1477950336.96, 2953010.0
1477950337.01, 2953010.0
1477950337.06, 2953010.0
1477950337.11, 2953010.0
1477950337.17, 2953010.0
1477950337.22, 2953010.0
1477950337.27, 2953010.0
1477950337.32, 2953010.0
1477950337.37, 2953010.0
1477950337.42, 2953010.0
1477950337.47, 2953010.0
1477950337.52, 2953010.0
1477950337.57, 2953010.0
1477950337.62, 2953010.0
1477950337.67, 2953010.0
1477950337.72, 2953010.0
1477950337.77, 2953010.0
1477950337.82, 2953010.0
1477950337.87, 2953010.0
1477950337.92, 2953010.0
1477950337.97, 2954524.0
1477950338.02, 2954524.0
1477950338.07, 2954524.0
1477950338.12, 2957552.0
1477950338.17, 2957552.0
1477950338.22, 2957552.0
1477950338.27, 2957552.0
1477950338.32, 2957552.0
1477950338.37, 2957552.0
1477950338.42, 2957552.0
1477950338.47, 2957552.0
1477950338.52, 2957552.0
1477950338.57, 2957552.0
1477950338.63, 2957552.0
1477950338.68, 2957552.0
1477950338.73, 2957552.0
1477950338.78, 2957552.0
1477950338.83, 2957552.0
1477950338.88, 2957552.0
1477950338.93, 2957552.0
1477950338.98, 2957552.0
1477950339.03, 2957552.0
1477950339.08, 2957552.0
1477950339.13, 2959066.0
1477950339.18, 2959066.0
1477950339.23, 2959066.0
1477950339.28, 2959066.0
1477950339.33, 2959066.0
1477950339.38, 2959066.0
1477950339.43, 2959066.0
1477950339.48, 2959066.0
1477950339.53, 2959066.0
1477950339.58, 2959066.0
1477950339.63, 2959066.0
1477950339.68, 2959066.0
1477950339.73, 2959066.0
1477950339.78, 2959066.0
1477950339.83, 2959066.0
1477950339.88, 2959066.0
1477950339.93, 2959066.0
1477950339.98, 2959066.0
1477950340.03, 2959066.0
1477950340.08, 2959066.0
1477950340.13, 2959066.0
1477950340.18, 2959066.0
1477950340.23, 2959066.0
1477950340.28, 2959066.0
1477950340.33, 2959066.0
1477950340.38, 2959066.0
1477950340.43, 2959066.0
1477950340.48, 2959066.0
1477950340.53, 2959066.0
1477950340.58, 2959066.0
1477950340.63, 2959066.0
1477950340.69, 2959066.0
1477950340.74, 2959066.0
1477950340.79, 2959066.0
1477950340.84, 2959066.0
1477950340.89, 2959066.0
1477950340.94, 2959066.0
1477950340.99, 2959066.0
1477950341.04, 2959066.0
1477950341.09, 2959066.0
1477950341.14, 2959066.0
1477950341.19, 2960580.0
1477950341.24, 2960580.0
1477950341.29, 2960580.0
1477950341.34, 2963608.0
1477950341.39, 2963608.0
1477950341.44, 2963608.0
1477950341.49, 2963608.0
1477950341.54, 2963608.0
1477950341.59, 2963608.0
1477950341.64, 2963608.0
1477950341.69, 2963608.0
1477950341.74, 2963608.0
1477950341.79, 2963608.0
1477950341.84, 2963608.0
1477950341.89, 2963608.0
1477950341.94, 2963608.0
1477950341.99, 2963608.0
1477950342.04, 2963608.0
1477950342.09, 2963608.0
1477950342.14, 2963608.0
1477950342.19, 2963608.0
1477950342.24, 2963608.0
1477950342.29, 2963608.0
1477950342.34, 2963608.0
1477950342.39, 2965122.0
1477950342.44, 2965122.0
1477950342.49, 2965122.0
1477950342.54, 2965122.0
1477950342.59, 2965122.0
1477950342.64, 2965122.0
1477950342.69, 2965122.0
1477950342.74, 2965122.0
1477950342.79, 2965122.0
1477950342.84, 2965122.0
1477950342.89, 2965122.0
1477950342.94, 2965122.0
1477950343.0, 2965122.0
1477950343.05, 2965122.0
1477950343.1, 2965122.0
1477950343.15, 2965122.0
1477950343.2, 2965122.0
1477950343.25, 2965122.0
1477950343.3, 2965122.0
1477950343.35, 2965122.0
1477950343.4, 2965122.0
1477950343.45, 2965122.0
1477950343.5, 2965122.0
1477950343.55, 2965122.0
1477950343.6, 2965122.0
1477950343.65, 2965122.0
1477950343.7, 2965122.0
1477950343.75, 2965122.0
1477950343.8, 2965122.0
1477950343.85, 2965122.0
1477950343.9, 2965122.0
1477950343.95, 2965122.0
1477950344.0, 2965122.0
1477950344.05, 2965122.0
1477950344.1, 2965122.0
1477950344.15, 2965122.0
1477950344.2, 2965122.0
1477950344.25, 2965122.0
1477950344.3, 2965122.0
1477950344.35, 2965122.0
1477950344.4, 2965122.0
1477950344.45, 2966636.0
1477950344.5, 2966636.0
1477950344.55, 2969664.0
1477950344.6, 2969664.0
1477950344.65, 2969664.0
1477950344.7, 2969664.0
1477950344.75, 2969664.0
1477950344.8, 2969664.0
1477950344.85, 2969664.0
1477950344.9, 2969664.0
1477950344.95, 2969664.0
1477950345.0, 2969664.0
1477950345.05, 2969664.0
1477950345.11, 2969664.0
1477950345.16, 2969664.0
1477950345.21, 2969664.0
1477950345.26, 2969664.0
1477950345.31, 2969664.0
1477950345.36, 2969664.0
1477950345.41, 2971178.0
1477950345.46, 2971178.0
1477950345.51, 2971178.0
1477950345.56, 2971178.0
1477950345.61, 2971178.0
1477950345.66, 2971178.0
1477950345.71, 2971178.0
1477950345.76, 2971178.0
1477950345.81, 2971178.0
1477950345.86, 2971178.0
1477950345.91, 2971178.0
1477950345.96, 2971178.0
1477950346.01, 2971178.0
1477950346.06, 2971178.0
1477950346.11, 2971178.0
1477950346.16, 2971178.0
1477950346.22, 2971178.0
1477950346.27, 2971178.0
1477950346.32, 2971178.0
1477950346.37, 2971178.0
1477950346.42, 2971178.0
1477950346.47, 2971178.0
1477950346.52, 2971178.0
1477950346.57, 2971178.0
1477950346.62, 2971178.0
1477950346.67, 2971178.0
1477950346.72, 2971178.0
1477950346.77, 2971178.0
1477950346.82, 2971178.0
1477950346.87, 2971178.0
1477950346.92, 2971178.0
1477950346.97, 2971178.0
1477950347.02, 2971178.0
1477950347.07, 2971178.0
1477950347.12, 2972692.0
1477950347.17, 2972692.0
1477950347.22, 2972692.0
1477950347.27, 2972692.0
1477950347.32, 2972692.0
1477950347.37, 2972692.0
1477950347.42, 2972692.0
1477950347.47, 2972692.0
1477950347.52, 2972692.0
1477950347.57, 2972692.0
1477950347.62, 2972692.0
1477950347.67, 2972692.0
1477950347.72, 2972692.0
1477950347.77, 2972692.0
1477950347.82, 2972692.0
1477950347.87, 2972692.0
1477950347.92, 2972692.0
1477950347.98, 2972692.0
1477950348.03, 2972692.0
1477950348.08, 2972692.0
1477950348.13, 2972692.0
1477950348.18, 2972692.0
1477950348.23, 2972692.0
1477950348.28, 2972692.0
1477950348.33, 2972692.0
1477950348.38, 2972692.0
1477950348.43, 2972692.0
1477950348.48, 2972692.0
1477950348.53, 2972692.0
1477950348.58, 2972692.0
1477950348.63, 2972692.0
1477950348.68, 2972692.0
1477950348.73, 2972692.0
1477950348.78, 2972692.0
1477950348.83, 2972692.0
1477950348.88, 2972692.0
1477950348.93, 2972692.0
1477950348.98, 2972692.0
1477950349.03, 2972692.0
1477950349.1, 2972692.0
1477950349.15, 2972692.0
1477950349.2, 2972692.0
1477950349.25, 2972692.0
1477950349.3, 2972692.0
1477950349.35, 2972692.0
1477950349.4, 2972692.0
1477950349.45, 2972692.0
1477950349.5, 2972692.0
1477950349.55, 2972692.0
1477950349.6, 2972734.0
1477950349.65, 2972734.0
1477950349.7, 2972734.0
1477950349.75, 2972734.0
1477950349.8, 2972734.0
1477950349.85, 2972734.0
1477950349.9, 2972734.0
1477950349.95, 2972734.0
1477950350.0, 2972734.0
1477950350.05, 2972734.0
1477950350.1, 2972734.0
1477950350.15, 2972734.0
1477950350.2, 2972734.0
1477950350.25, 2972734.0
1477950350.3, 2972734.0
1477950350.35, 2972734.0
1477950350.4, 2972734.0
1477950350.45, 2972734.0
1477950350.5, 2972734.0
1477950350.55, 2974248.0
1477950350.6, 2974248.0
1477950350.66, 2974248.0
1477950350.71, 2977276.0
1477950350.76, 2977276.0
1477950350.81, 2977276.0
1477950350.86, 2977276.0
1477950350.91, 2977276.0
1477950350.96, 2977276.0
1477950351.01, 2977276.0
1477950351.06, 2977276.0
1477950351.11, 2977276.0
1477950351.16, 2977276.0
1477950351.21, 2977276.0
1477950351.26, 2977276.0
1477950351.31, 2977276.0
1477950351.36, 2977276.0
1477950351.41, 2977276.0
1477950351.46, 2977276.0
1477950351.51, 2977276.0
1477950351.56, 2978790.0
1477950351.61, 2978790.0
1477950351.66, 2978790.0
1477950351.71, 2981818.0
1477950351.76, 2981818.0
1477950351.81, 2981818.0
1477950351.86, 2981818.0
1477950351.91, 2981818.0
1477950351.96, 2981818.0
1477950352.01, 2981818.0
1477950352.06, 2981818.0
1477950352.11, 2981818.0
1477950352.16, 2981818.0
1477950352.21, 2981818.0
1477950352.27, 2981818.0
1477950352.32, 2981818.0
1477950352.37, 2981818.0
1477950352.42, 2981818.0
1477950352.47, 2981818.0
1477950352.52, 2981818.0
1477950352.57, 2983332.0
1477950352.62, 2983332.0
1477950352.67, 2986360.0
1477950352.72, 2986360.0
1477950352.77, 2986360.0
1477950352.82, 2986360.0
1477950352.87, 2986360.0
1477950352.92, 2986360.0
1477950352.97, 2986360.0
1477950353.02, 2986360.0
1477950353.07, 2986360.0
1477950353.12, 2986360.0
1477950353.17, 2986360.0
1477950353.22, 2986360.0
1477950353.27, 2986360.0
1477950353.32, 2986360.0
1477950353.37, 2986360.0
1477950353.42, 2986360.0
1477950353.47, 2986360.0
1477950353.52, 2987874.0
1477950353.57, 2987874.0
1477950353.62, 2987874.0
1477950353.67, 2987874.0
1477950353.72, 2987874.0
1477950353.77, 2987874.0
1477950353.82, 2987874.0
1477950353.87, 2987874.0
1477950353.92, 2987874.0
1477950353.97, 2987874.0
1477950354.02, 2987874.0
1477950354.07, 2987874.0
1477950354.12, 2987874.0
1477950354.17, 2987874.0
1477950354.22, 2987874.0
1477950354.27, 2987874.0
1477950354.32, 2987874.0
1477950354.38, 2987874.0
1477950354.43, 2987874.0
1477950354.48, 2987874.0
1477950354.53, 2987874.0
1477950354.58, 2987874.0
1477950354.63, 2987874.0
1477950354.68, 2987874.0
1477950354.73, 2987874.0
1477950354.78, 2987874.0
1477950354.83, 2987874.0
1477950354.88, 2987874.0
1477950354.93, 2987874.0
1477950354.98, 2987874.0
1477950355.03, 2987874.0
1477950355.08, 2987874.0
1477950355.13, 2987874.0
1477950355.18, 2987874.0
1477950355.23, 2987874.0
1477950355.28, 2989388.0
1477950355.33, 2989388.0
1477950355.38, 2989388.0
1477950355.43, 2989388.0
1477950355.48, 2989388.0
1477950355.53, 2989388.0
1477950355.58, 2989388.0
1477950355.63, 2989388.0
1477950355.68, 2989388.0
1477950355.73, 2989388.0
1477950355.78, 2989388.0
1477950355.83, 2989388.0
1477950355.88, 2989388.0
1477950355.93, 2989388.0
1477950355.98, 2989388.0
1477950356.03, 2989388.0
1477950356.08, 2989388.0
1477950356.13, 2989388.0
1477950356.18, 2989388.0
1477950356.24, 2989388.0
1477950356.29, 2989388.0
1477950356.34, 2989388.0
1477950356.39, 2989388.0
1477950356.44, 2989388.0
1477950356.49, 2989388.0
1477950356.54, 2989388.0
1477950356.59, 2989388.0
1477950356.65, 2989388.0
1477950356.7, 2989388.0
1477950356.75, 2989388.0
1477950356.8, 2989388.0
1477950356.85, 2989388.0
1477950356.9, 2989388.0
1477950356.95, 2989388.0
1477950357.0, 2989388.0
1477950357.05, 2989388.0
1477950357.1, 2989388.0
1477950357.15, 2989388.0
1477950357.2, 2989388.0
1477950357.25, 2989388.0
1477950357.3, 2989388.0
1477950357.35, 2989388.0
1477950357.4, 2989388.0
1477950357.45, 2989388.0
1477950357.5, 2989388.0
1477950357.55, 2989388.0
1477950357.61, 2989388.0
1477950357.66, 2989388.0
1477950357.71, 2989388.0
1477950357.76, 2989388.0
1477950357.81, 2989388.0
1477950357.86, 2989388.0
1477950357.91, 2989388.0
1477950357.96, 2989388.0
1477950358.01, 2989388.0
1477950358.06, 2989388.0
