1477950326.72, 2415576.0
1477950326.88, 2445460.0
1477950327.04, 2473830.0
1477950327.13, 2490220.0
1477950327.22, 2509704.0
1477950327.32, 2527877.0
1477950327.42, 2544333.0
1477950327.52, 2563817.0
1477950327.59, 2578759.0
1477950327.67, 2592385.0
1477950327.77, 2610558.0
1477950327.9, 2634734.0
1477950328.05, 2654470.0
1477950328.1, 2660502.0
1477950328.15, 2662058.0
1477950328.2, 2663614.0
1477950328.25, 2666684.0
1477950328.3, 2668282.0
1477950328.35, 2669838.0
1477950328.4, 2671478.0
1477950328.45, 2671681.0
1477950328.5, 2673279.0
1477950328.55, 2673321.0
1477950328.6, 2674961.0
1477950328.66, 2675003.0
1477950328.71, 2678049.0
1477950328.76, 2683973.0
1477950328.81, 2684015.0
1477950328.86, 2687061.0
1477950328.91, 2690065.0
1477950328.96, 2691621.0
1477950329.01, 2693177.0
1477950329.06, 2693177.0
1477950329.11, 2696247.0
1477950329.16, 2696373.0
1477950329.21, 2696415.0
1477950329.26, 2696583.0
1477950329.31, 2696667.0
1477950329.36, 2696751.0
1477950329.41, 2696751.0
1477950329.46, 2696793.0
1477950329.51, 2696793.0
1477950329.56, 2696835.0
1477950329.61, 2696877.0
1477950329.66, 2696877.0
1477950329.72, 2696877.0
1477950329.77, 2696877.0
1477950329.82, 2696877.0
1477950329.87, 2696877.0
1477950329.92, 2696877.0
1477950329.97, 2696877.0
1477950330.02, 2696877.0
1477950330.07, 2696877.0
1477950330.12, 2696919.0
1477950330.17, 2696919.0
1477950330.22, 2698517.0
1477950330.27, 2698517.0
1477950330.32, 2702993.0
1477950330.37, 2702993.0
1477950330.42, 2702993.0
1477950330.47, 2708983.0
1477950330.52, 2709025.0
1477950330.57, 2709025.0
1477950330.62, 2710581.0
1477950330.67, 2710581.0
1477950330.72, 2713609.0
1477950330.77, 2715165.0
1477950330.82, 2715207.0
1477950330.87, 2716721.0
1477950330.93, 2716721.0
1477950330.98, 2718235.0
1477950331.03, 2718277.0
1477950331.08, 2718277.0
1477950331.13, 2718361.0
1477950331.18, 2718403.0
1477950331.23, 2718445.0
1477950331.28, 2718445.0
1477950331.33, 2718445.0
1477950331.38, 2718445.0
1477950331.43, 2718445.0
1477950331.48, 2718445.0
1477950331.53, 2718445.0
1477950331.58, 2718445.0
1477950331.63, 2718445.0
1477950331.68, 2718445.0
1477950331.73, 2718445.0
1477950331.78, 2718445.0
1477950331.84, 2718445.0
1477950331.89, 2718445.0
1477950331.94, 2718445.0
1477950331.99, 2718445.0
1477950332.04, 2718445.0
1477950332.09, 2718445.0
1477950332.14, 2719959.0
1477950332.19, 2719959.0
1477950332.24, 2721473.0
1477950332.29, 2722987.0
1477950332.34, 2722987.0
1477950332.39, 2722987.0
1477950332.44, 2722987.0
1477950332.49, 2722987.0
1477950332.54, 2722987.0
1477950332.59, 2722987.0
1477950332.64, 2723029.0
1477950332.69, 2723029.0
1477950332.74, 2723071.0
1477950332.79, 2723071.0
1477950332.84, 2723113.0
1477950332.89, 2723155.0
1477950332.94, 2723155.0
1477950332.99, 2723155.0
1477950333.04, 2723155.0
1477950333.09, 2723155.0
1477950333.14, 2723197.0
1477950333.19, 2723197.0
1477950333.24, 2723197.0
1477950333.29, 2723239.0
1477950333.34, 2723239.0
1477950333.39, 2723239.0
1477950333.44, 2724795.0
1477950333.49, 2724795.0
1477950333.54, 2724795.0
1477950333.59, 2724795.0
1477950333.64, 2724795.0
1477950333.7, 2724795.0
1477950333.75, 2724795.0
1477950333.8, 2724795.0
1477950333.85, 2724795.0
1477950333.9, 2724795.0
1477950333.95, 2724795.0
1477950334.0, 2724795.0
1477950334.05, 2724795.0
1477950334.1, 2724795.0
1477950334.15, 2724795.0
1477950334.2, 2724795.0
1477950334.25, 2724795.0
1477950334.3, 2724795.0
1477950334.35, 2724795.0
1477950334.4, 2724795.0
1477950334.45, 2724795.0
1477950334.5, 2724795.0
1477950334.55, 2724795.0
1477950334.6, 2726309.0
1477950334.65, 2726309.0
1477950334.7, 2726309.0
1477950334.75, 2726309.0
1477950334.8, 2726309.0
1477950334.85, 2726309.0
1477950334.9, 2726309.0
1477950334.95, 2726309.0
1477950335.0, 2726309.0
1477950335.05, 2726309.0
1477950335.1, 2726309.0
1477950335.15, 2726309.0
1477950335.2, 2726309.0
1477950335.25, 2726309.0
1477950335.3, 2726309.0
1477950335.35, 2726309.0
1477950335.4, 2726309.0
1477950335.46, 2726309.0
1477950335.51, 2726309.0
1477950335.56, 2726309.0
1477950335.61, 2726309.0
1477950335.66, 2726309.0
1477950335.71, 2726309.0
1477950335.76, 2727823.0
1477950335.81, 2727823.0
1477950335.86, 2727823.0
1477950335.91, 2727823.0
1477950335.96, 2727823.0
1477950336.01, 2727823.0
1477950336.06, 2727823.0
1477950336.11, 2727823.0
1477950336.16, 2727823.0
1477950336.21, 2727823.0
1477950336.26, 2727823.0
1477950336.31, 2727865.0
1477950336.36, 2727865.0
1477950336.41, 2727865.0
1477950336.46, 2727865.0
1477950336.51, 2727865.0
1477950336.56, 2727865.0
1477950336.61, 2727865.0
1477950336.66, 2727865.0
1477950336.71, 2727865.0
1477950336.76, 2727865.0
1477950336.81, 2727865.0
1477950336.86, 2727865.0
1477950336.91, 2729379.0
1477950336.96, 2729379.0
1477950337.01, 2729379.0
1477950337.06, 2729379.0
1477950337.11, 2729379.0
1477950337.17, 2729379.0
1477950337.22, 2729379.0
1477950337.27, 2729379.0
1477950337.32, 2729379.0
1477950337.37, 2729379.0
1477950337.42, 2729379.0
1477950337.47, 2729379.0
1477950337.52, 2729379.0
1477950337.57, 2729379.0
1477950337.62, 2729379.0
1477950337.67, 2729379.0
1477950337.72, 2729379.0
1477950337.77, 2729379.0
1477950337.82, 2729379.0
1477950337.87, 2729379.0
1477950337.92, 2729379.0
1477950337.97, 2729379.0
1477950338.02, 2729379.0
1477950338.07, 2730893.0
1477950338.12, 2730893.0
1477950338.17, 2730893.0
1477950338.22, 2730893.0
1477950338.27, 2730893.0
1477950338.32, 2730893.0
1477950338.37, 2730893.0
1477950338.42, 2730893.0
1477950338.47, 2730893.0
1477950338.52, 2730893.0
1477950338.57, 2730893.0
1477950338.63, 2730893.0
1477950338.68, 2730893.0
1477950338.73, 2730893.0
1477950338.78, 2730893.0
1477950338.83, 2730893.0
1477950338.88, 2730893.0
1477950338.93, 2730893.0
1477950338.98, 2730893.0
1477950339.03, 2730893.0
1477950339.08, 2730893.0
1477950339.13, 2730893.0
1477950339.18, 2730893.0
1477950339.23, 2730893.0
1477950339.28, 2730893.0
1477950339.33, 2730893.0
1477950339.38, 2730893.0
1477950339.43, 2730893.0
1477950339.48, 2730893.0
1477950339.53, 2730893.0
1477950339.58, 2730893.0
1477950339.63, 2730893.0
1477950339.68, 2730893.0
1477950339.73, 2730893.0
1477950339.78, 2730893.0
1477950339.83, 2730893.0
1477950339.88, 2730893.0
1477950339.93, 2730893.0
1477950339.98, 2730893.0
1477950340.03, 2730893.0
1477950340.08, 2730893.0
1477950340.13, 2730893.0
1477950340.18, 2730893.0
1477950340.23, 2730893.0
1477950340.28, 2730893.0
1477950340.33, 2730893.0
1477950340.38, 2730893.0
1477950340.43, 2730893.0
1477950340.48, 2730893.0
1477950340.53, 2730893.0
1477950340.58, 2730893.0
1477950340.63, 2730893.0
1477950340.69, 2730893.0
1477950340.74, 2730893.0
1477950340.79, 2730893.0
1477950340.84, 2730893.0
1477950340.89, 2730893.0
1477950340.94, 2730893.0
1477950340.99, 2730893.0
1477950341.04, 2730893.0
1477950341.09, 2730893.0
1477950341.14, 2730893.0
1477950341.19, 2730893.0
1477950341.24, 2730893.0
1477950341.29, 2730893.0
1477950341.34, 2732407.0
1477950341.39, 2732407.0
1477950341.44, 2732407.0
1477950341.49, 2732407.0
1477950341.54, 2732407.0
1477950341.59, 2732407.0
1477950341.64, 2732407.0
1477950341.69, 2732407.0
1477950341.74, 2732407.0
1477950341.79, 2732407.0
1477950341.84, 2732407.0
1477950341.89, 2732407.0
1477950341.94, 2732407.0
1477950341.99, 2732407.0
1477950342.04, 2732407.0
1477950342.09, 2732407.0
1477950342.14, 2732407.0
1477950342.19, 2732407.0
1477950342.24, 2732407.0
1477950342.29, 2732407.0
1477950342.34, 2732407.0
1477950342.39, 2732407.0
1477950342.44, 2732407.0
1477950342.49, 2732407.0
1477950342.54, 2732407.0
1477950342.59, 2732407.0
1477950342.64, 2732407.0
1477950342.69, 2732407.0
1477950342.74, 2732407.0
1477950342.79, 2732407.0
1477950342.84, 2732407.0
1477950342.89, 2732407.0
1477950342.94, 2732407.0
1477950343.0, 2732407.0
1477950343.05, 2732407.0
1477950343.1, 2732407.0
1477950343.15, 2732407.0
1477950343.2, 2732407.0
1477950343.25, 2732610.0
1477950343.3, 2732610.0
1477950343.35, 2732610.0
1477950343.4, 2732610.0
1477950343.45, 2732610.0
1477950343.5, 2732610.0
1477950343.55, 2732610.0
1477950343.6, 2732610.0
1477950343.65, 2732610.0
1477950343.7, 2732610.0
1477950343.75, 2732813.0
1477950343.8, 2732813.0
1477950343.85, 2732813.0
1477950343.9, 2732813.0
1477950343.95, 2732813.0
1477950344.0, 2732813.0
1477950344.05, 2732813.0
1477950344.1, 2732813.0
1477950344.15, 2732813.0
1477950344.2, 2732813.0
1477950344.25, 2732813.0
1477950344.3, 2732813.0
1477950344.35, 2732813.0
1477950344.4, 2732813.0
1477950344.45, 2732813.0
1477950344.5, 2732813.0
1477950344.55, 2734327.0
1477950344.6, 2734327.0
1477950344.65, 2734327.0
1477950344.7, 2734327.0
1477950344.75, 2734327.0
1477950344.8, 2734327.0
1477950344.85, 2734327.0
1477950344.9, 2734327.0
1477950344.95, 2734327.0
1477950345.0, 2734327.0
1477950345.05, 2734327.0
1477950345.11, 2734327.0
1477950345.16, 2734327.0
1477950345.21, 2734327.0
1477950345.26, 2734327.0
1477950345.31, 2734327.0
1477950345.36, 2734327.0
1477950345.41, 2734327.0
1477950345.46, 2734327.0
1477950345.51, 2734327.0
1477950345.56, 2734327.0
1477950345.61, 2734327.0
1477950345.66, 2734327.0
1477950345.71, 2734327.0
1477950345.76, 2734327.0
1477950345.81, 2734327.0
1477950345.86, 2734327.0
1477950345.91, 2734327.0
1477950345.96, 2734327.0
1477950346.01, 2734327.0
1477950346.06, 2734327.0
1477950346.11, 2734327.0
1477950346.16, 2734327.0
1477950346.22, 2734327.0
1477950346.27, 2734327.0
1477950346.32, 2734327.0
1477950346.37, 2734327.0
1477950346.42, 2734327.0
1477950346.47, 2734327.0
1477950346.52, 2734327.0
1477950346.57, 2734327.0
1477950346.62, 2734327.0
1477950346.67, 2734327.0
1477950346.72, 2734327.0
1477950346.77, 2734327.0
1477950346.82, 2734327.0
1477950346.87, 2734327.0
1477950346.92, 2734327.0
1477950346.97, 2734327.0
1477950347.02, 2734327.0
1477950347.07, 2734327.0
1477950347.12, 2734327.0
1477950347.17, 2734327.0
1477950347.22, 2734327.0
1477950347.27, 2734327.0
1477950347.32, 2734327.0
1477950347.37, 2734327.0
1477950347.42, 2734327.0
1477950347.47, 2734327.0
1477950347.52, 2734327.0
1477950347.57, 2734327.0
1477950347.62, 2734327.0
1477950347.67, 2734327.0
1477950347.72, 2734327.0
1477950347.77, 2734327.0
1477950347.82, 2734327.0
1477950347.87, 2734327.0
1477950347.92, 2734327.0
1477950347.98, 2734327.0
1477950348.03, 2734327.0
1477950348.08, 2734327.0
1477950348.13, 2734327.0
1477950348.18, 2734327.0
1477950348.23, 2734327.0
1477950348.28, 2734327.0
1477950348.33, 2734327.0
1477950348.38, 2734327.0
1477950348.43, 2734327.0
1477950348.48, 2734327.0
1477950348.53, 2734327.0
1477950348.58, 2734327.0
1477950348.63, 2734327.0
1477950348.68, 2734327.0
1477950348.73, 2734327.0
1477950348.78, 2734327.0
1477950348.83, 2734327.0
1477950348.88, 2734327.0
1477950348.93, 2734327.0
1477950348.98, 2734327.0
1477950349.03, 2734327.0
1477950349.1, 2734327.0
1477950349.15, 2734327.0
1477950349.2, 2734327.0
1477950349.25, 2734327.0
1477950349.3, 2734327.0
1477950349.35, 2734327.0
1477950349.4, 2734327.0
1477950349.45, 2734327.0
1477950349.5, 2734327.0
1477950349.55, 2734327.0
1477950349.6, 2734327.0
1477950349.65, 2734327.0
1477950349.7, 2734369.0
1477950349.75, 2734369.0
1477950349.8, 2734369.0
1477950349.85, 2734369.0
1477950349.9, 2734369.0
1477950349.95, 2734369.0
1477950350.0, 2734369.0
1477950350.05, 2734369.0
1477950350.1, 2734369.0
1477950350.15, 2734369.0
1477950350.2, 2734369.0
1477950350.25, 2734369.0
1477950350.3, 2734369.0
1477950350.35, 2734369.0
1477950350.4, 2734369.0
1477950350.45, 2734369.0
1477950350.5, 2734369.0
1477950350.55, 2734369.0
1477950350.6, 2734369.0
1477950350.66, 2734369.0
1477950350.71, 2735883.0
1477950350.76, 2735883.0
1477950350.81, 2735883.0
1477950350.86, 2735883.0
1477950350.91, 2735883.0
1477950350.96, 2735883.0
1477950351.01, 2735883.0
1477950351.06, 2735883.0
1477950351.11, 2735883.0
1477950351.16, 2735883.0
1477950351.21, 2735883.0
1477950351.26, 2735883.0
1477950351.31, 2735883.0
1477950351.36, 2735883.0
1477950351.41, 2735883.0
1477950351.46, 2735883.0
1477950351.51, 2735883.0
1477950351.56, 2735883.0
1477950351.61, 2735883.0
1477950351.66, 2735883.0
1477950351.71, 2737397.0
1477950351.76, 2737397.0
1477950351.81, 2737397.0
1477950351.86, 2737397.0
1477950351.91, 2737397.0
1477950351.96, 2737397.0
1477950352.01, 2737397.0
1477950352.06, 2737397.0
1477950352.11, 2737397.0
1477950352.16, 2737397.0
1477950352.21, 2737397.0
1477950352.27, 2737397.0
1477950352.32, 2737600.0
1477950352.37, 2737600.0
1477950352.42, 2737600.0
1477950352.47, 2737600.0
1477950352.52, 2737600.0
1477950352.57, 2737600.0
1477950352.62, 2737600.0
1477950352.67, 2739114.0
1477950352.72, 2739114.0
1477950352.77, 2739114.0
1477950352.82, 2739114.0
1477950352.87, 2739114.0
1477950352.92, 2739114.0
1477950352.97, 2739114.0
1477950353.02, 2739114.0
1477950353.07, 2739114.0
1477950353.12, 2739114.0
1477950353.17, 2739114.0
1477950353.22, 2739114.0
1477950353.27, 2739114.0
1477950353.32, 2739114.0
1477950353.37, 2739114.0
1477950353.42, 2739114.0
1477950353.47, 2739114.0
1477950353.52, 2739114.0
1477950353.57, 2739114.0
1477950353.62, 2739114.0
1477950353.67, 2739114.0
1477950353.72, 2739114.0
1477950353.77, 2739114.0
1477950353.82, 2739114.0
1477950353.87, 2739114.0
1477950353.92, 2739114.0
1477950353.97, 2739114.0
1477950354.02, 2739114.0
1477950354.07, 2739114.0
1477950354.12, 2739114.0
1477950354.17, 2739114.0
1477950354.22, 2739114.0
1477950354.27, 2739114.0
1477950354.32, 2739114.0
1477950354.38, 2739114.0
1477950354.43, 2739114.0
1477950354.48, 2739114.0
1477950354.53, 2739114.0
1477950354.58, 2739114.0
1477950354.63, 2739114.0
1477950354.68, 2739114.0
1477950354.73, 2739114.0
1477950354.78, 2739114.0
1477950354.83, 2739114.0
1477950354.88, 2739114.0
1477950354.93, 2739114.0
1477950354.98, 2739114.0
1477950355.03, 2739114.0
1477950355.08, 2739114.0
1477950355.13, 2739114.0
1477950355.18, 2739114.0
1477950355.23, 2739114.0
1477950355.28, 2739114.0
1477950355.33, 2739114.0
1477950355.38, 2739114.0
1477950355.43, 2739114.0
1477950355.48, 2739114.0
1477950355.53, 2739114.0
1477950355.58, 2739114.0
1477950355.63, 2739114.0
1477950355.68, 2739114.0
1477950355.73, 2739114.0
1477950355.78, 2739114.0
1477950355.83, 2739114.0
1477950355.88, 2739114.0
1477950355.93, 2739114.0
1477950355.98, 2739114.0
1477950356.03, 2739114.0
1477950356.08, 2739114.0
1477950356.13, 2739114.0
1477950356.18, 2739114.0
1477950356.24, 2739114.0
1477950356.29, 2739114.0
1477950356.34, 2739114.0
1477950356.39, 2739114.0
1477950356.44, 2739114.0
1477950356.49, 2739114.0
1477950356.54, 2739114.0
1477950356.59, 2739114.0
1477950356.65, 2739114.0
1477950356.7, 2739114.0
1477950356.75, 2739114.0
1477950356.8, 2739114.0
1477950356.85, 2739114.0
1477950356.9, 2739114.0
1477950356.95, 2739114.0
1477950357.0, 2739114.0
1477950357.05, 2739114.0
1477950357.1, 2739114.0
1477950357.15, 2739114.0
1477950357.2, 2739114.0
1477950357.25, 2739114.0
1477950357.3, 2739114.0
1477950357.35, 2739114.0
1477950357.4, 2739114.0
1477950357.45, 2739114.0
1477950357.5, 2739114.0
1477950357.55, 2739114.0
1477950357.61, 2739114.0
1477950357.66, 2739114.0
1477950357.71, 2739114.0
1477950357.76, 2739114.0
1477950357.81, 2739114.0
1477950357.86, 2739114.0
1477950357.91, 2739114.0
1477950357.96, 2739114.0
1477950358.01, 2739114.0
1477950358.06, 2739114.0
