1477950101.36, 1190.0
1477950101.48, 1198.0
1477950101.59, 1205.0
1477950101.69, 1211.0
1477950101.79, 1218.0
1477950101.89, 1224.0
1477950101.98, 1230.0
1477950102.07, 1237.0
1477950102.16, 1242.0
1477950102.24, 1248.0
1477950102.37, 1255.0
1477950102.56, 1270.0
1477950102.73, 1287.0
1477950102.82, 1291.0
1477950102.87, 1293.0
1477950102.92, 1295.0
1477950102.97, 1295.0
1477950103.02, 1298.0
1477950103.07, 1302.0
1477950103.12, 1306.0
1477950103.17, 1308.0
1477950103.22, 1310.0
1477950103.27, 1311.0
1477950103.32, 1312.0
1477950103.38, 1313.0
1477950103.43, 1315.0
1477950103.48, 1316.0
1477950103.53, 1318.0
1477950103.58, 1319.0
1477950103.63, 1322.0
1477950103.68, 1322.0
1477950103.73, 1322.0
1477950103.78, 1325.0
1477950103.83, 1327.0
1477950103.88, 1327.0
1477950103.93, 1332.0
1477950103.98, 1332.0
1477950104.03, 1335.0
1477950104.08, 1338.0
1477950104.13, 1342.0
1477950104.18, 1342.0
1477950104.23, 1344.0
1477950104.28, 1347.0
1477950104.33, 1347.0
1477950104.41, 1349.0
1477950104.46, 1350.0
1477950104.51, 1352.0
1477950104.56, 1352.0
1477950104.61, 1352.0
1477950104.66, 1353.0
1477950104.71, 1354.0
1477950104.77, 1354.0
1477950104.82, 1354.0
1477950104.87, 1354.0
1477950104.92, 1354.0
1477950104.97, 1354.0
1477950105.02, 1354.0
1477950105.07, 1354.0
1477950105.12, 1354.0
1477950105.17, 1354.0
1477950105.22, 1354.0
1477950105.27, 1354.0
1477950105.32, 1354.0
1477950105.37, 1354.0
1477950105.42, 1354.0
1477950105.47, 1355.0
1477950105.52, 1355.0
1477950105.57, 1357.0
1477950105.62, 1357.0
1477950105.67, 1357.0
1477950105.72, 1357.0
1477950105.77, 1357.0
1477950105.83, 1357.0
1477950105.88, 1357.0
1477950105.93, 1357.0
1477950105.98, 1357.0
1477950106.03, 1357.0
1477950106.08, 1357.0
1477950106.13, 1357.0
1477950106.18, 1357.0
1477950106.23, 1357.0
1477950106.28, 1357.0
1477950106.33, 1357.0
1477950106.38, 1357.0
1477950106.43, 1357.0
1477950106.49, 1357.0
1477950106.54, 1357.0
1477950106.59, 1357.0
1477950106.64, 1357.0
1477950106.69, 1357.0
1477950106.74, 1357.0
1477950106.79, 1357.0
1477950106.84, 1357.0
1477950106.89, 1357.0
1477950106.94, 1357.0
1477950106.99, 1357.0
1477950107.04, 1357.0
1477950107.09, 1357.0
1477950107.14, 1357.0
1477950107.19, 1357.0
1477950107.24, 1357.0
1477950107.29, 1357.0
1477950107.34, 1357.0
1477950107.39, 1357.0
1477950107.44, 1357.0
1477950107.49, 1357.0
1477950107.54, 1357.0
1477950107.59, 1357.0
1477950107.64, 1357.0
1477950107.69, 1357.0
1477950107.74, 1357.0
1477950107.79, 1357.0
1477950107.84, 1357.0
1477950107.89, 1357.0
1477950107.94, 1357.0
1477950107.99, 1357.0
1477950108.04, 1357.0
1477950108.09, 1357.0
1477950108.14, 1357.0
1477950108.19, 1357.0
1477950108.24, 1357.0
1477950108.29, 1357.0
1477950108.34, 1357.0
1477950108.39, 1357.0
1477950108.44, 1357.0
1477950108.49, 1357.0
1477950108.54, 1357.0
1477950108.59, 1357.0
1477950108.64, 1357.0
1477950108.7, 1357.0
1477950108.75, 1357.0
1477950108.8, 1357.0
1477950108.85, 1358.0
1477950108.9, 1358.0
1477950108.95, 1358.0
1477950109.0, 1358.0
1477950109.05, 1358.0
1477950109.1, 1358.0
1477950109.15, 1358.0
1477950109.2, 1358.0
1477950109.25, 1358.0
1477950109.3, 1358.0
1477950109.35, 1358.0
1477950109.4, 1358.0
1477950109.45, 1358.0
1477950109.5, 1358.0
1477950109.55, 1358.0
1477950109.6, 1358.0
1477950109.65, 1358.0
1477950109.7, 1358.0
1477950109.75, 1358.0
1477950109.8, 1358.0
1477950109.85, 1358.0
1477950109.9, 1358.0
1477950109.95, 1358.0
1477950110.0, 1358.0
1477950110.05, 1358.0
1477950110.1, 1358.0
1477950110.15, 1358.0
1477950110.2, 1358.0
1477950110.25, 1358.0
1477950110.3, 1358.0
1477950110.36, 1358.0
1477950110.41, 1358.0
1477950110.46, 1358.0
1477950110.52, 1358.0
1477950110.57, 1358.0
1477950110.62, 1358.0
1477950110.67, 1358.0
1477950110.72, 1358.0
1477950110.77, 1358.0
1477950110.82, 1358.0
1477950110.87, 1358.0
1477950110.92, 1358.0
1477950110.97, 1358.0
1477950111.02, 1358.0
1477950111.07, 1358.0
1477950111.12, 1358.0
1477950111.17, 1358.0
1477950111.23, 1358.0
1477950111.28, 1358.0
1477950111.33, 1358.0
1477950111.38, 1358.0
1477950111.43, 1358.0
1477950111.48, 1358.0
1477950111.53, 1358.0
1477950111.58, 1359.0
1477950111.63, 1359.0
1477950111.68, 1359.0
1477950111.73, 1359.0
1477950111.78, 1359.0
1477950111.83, 1359.0
1477950111.88, 1359.0
1477950111.93, 1359.0
1477950111.98, 1359.0
1477950112.03, 1359.0
1477950112.08, 1360.0
1477950112.13, 1360.0
1477950112.18, 1360.0
1477950112.23, 1360.0
1477950112.28, 1360.0
1477950112.33, 1360.0
1477950112.38, 1360.0
1477950112.43, 1360.0
1477950112.48, 1360.0
1477950112.53, 1360.0
1477950112.58, 1360.0
1477950112.63, 1360.0
1477950112.68, 1360.0
1477950112.73, 1360.0
1477950112.78, 1360.0
1477950112.83, 1360.0
1477950112.88, 1360.0
1477950112.93, 1360.0
1477950112.99, 1360.0
1477950113.04, 1360.0
1477950113.09, 1360.0
1477950113.14, 1360.0
1477950113.19, 1360.0
1477950113.24, 1360.0
1477950113.29, 1360.0
1477950113.34, 1360.0
1477950113.39, 1360.0
1477950113.44, 1360.0
1477950113.49, 1360.0
1477950113.54, 1360.0
1477950113.59, 1360.0
1477950113.64, 1360.0
1477950113.69, 1360.0
1477950113.74, 1360.0
1477950113.79, 1361.0
1477950113.84, 1361.0
1477950113.89, 1361.0
1477950113.94, 1361.0
1477950113.99, 1361.0
1477950114.04, 1361.0
1477950114.09, 1361.0
1477950114.14, 1361.0
1477950114.19, 1361.0
1477950114.24, 1361.0
1477950114.29, 1361.0
1477950114.34, 1361.0
1477950114.39, 1361.0
1477950114.44, 1361.0
1477950114.49, 1361.0
1477950114.54, 1361.0
1477950114.59, 1361.0
1477950114.65, 1361.0
1477950114.7, 1361.0
1477950114.75, 1361.0
1477950114.8, 1361.0
1477950114.85, 1361.0
1477950114.9, 1361.0
1477950114.95, 1361.0
1477950115.0, 1361.0
1477950115.05, 1361.0
1477950115.1, 1361.0
1477950115.15, 1361.0
1477950115.2, 1361.0
1477950115.25, 1361.0
1477950115.3, 1361.0
1477950115.35, 1362.0
1477950115.4, 1362.0
1477950115.45, 1362.0
1477950115.5, 1362.0
1477950115.55, 1362.0
1477950115.6, 1362.0
1477950115.65, 1362.0
1477950115.7, 1362.0
1477950115.75, 1362.0
1477950115.8, 1362.0
1477950115.85, 1362.0
1477950115.9, 1362.0
1477950115.95, 1362.0
1477950116.0, 1362.0
1477950116.05, 1362.0
1477950116.1, 1362.0
1477950116.15, 1362.0
1477950116.2, 1362.0
1477950116.25, 1362.0
1477950116.31, 1362.0
1477950116.36, 1362.0
1477950116.41, 1362.0
1477950116.46, 1362.0
1477950116.51, 1363.0
1477950116.56, 1363.0
1477950116.61, 1363.0
1477950116.66, 1363.0
1477950116.71, 1363.0
1477950116.76, 1363.0
1477950116.81, 1363.0
1477950116.86, 1363.0
1477950116.91, 1363.0
1477950116.96, 1363.0
1477950117.01, 1363.0
1477950117.06, 1363.0
1477950117.11, 1363.0
1477950117.16, 1363.0
1477950117.21, 1363.0
1477950117.26, 1363.0
1477950117.31, 1363.0
1477950117.36, 1363.0
1477950117.41, 1363.0
1477950117.46, 1363.0
1477950117.51, 1363.0
1477950117.56, 1363.0
1477950117.61, 1363.0
1477950117.66, 1363.0
1477950117.71, 1363.0
1477950117.76, 1363.0
1477950117.81, 1363.0
1477950117.86, 1363.0
1477950117.91, 1363.0
1477950117.96, 1363.0
1477950118.01, 1364.0
1477950118.07, 1364.0
1477950118.12, 1364.0
1477950118.17, 1364.0
1477950118.22, 1364.0
1477950118.27, 1365.0
1477950118.32, 1365.0
1477950118.37, 1365.0
1477950118.42, 1365.0
1477950118.47, 1365.0
1477950118.52, 1365.0
1477950118.57, 1365.0
1477950118.62, 1365.0
1477950118.67, 1365.0
1477950118.72, 1365.0
1477950118.77, 1365.0
1477950118.82, 1365.0
1477950118.87, 1365.0
1477950118.92, 1365.0
1477950118.97, 1365.0
1477950119.02, 1365.0
1477950119.07, 1366.0
1477950119.12, 1366.0
1477950119.17, 1366.0
1477950119.22, 1366.0
1477950119.27, 1366.0
1477950119.32, 1366.0
1477950119.37, 1366.0
1477950119.42, 1366.0
1477950119.47, 1366.0
1477950119.52, 1366.0
1477950119.57, 1366.0
1477950119.62, 1366.0
1477950119.68, 1366.0
1477950119.74, 1366.0
1477950119.79, 1367.0
1477950119.84, 1367.0
1477950119.89, 1367.0
1477950119.94, 1367.0
1477950119.99, 1367.0
1477950120.04, 1367.0
1477950120.09, 1367.0
1477950120.14, 1367.0
1477950120.19, 1367.0
1477950120.24, 1367.0
1477950120.29, 1367.0
1477950120.34, 1367.0
1477950120.39, 1367.0
1477950120.44, 1367.0
1477950120.49, 1367.0
1477950120.54, 1367.0
1477950120.59, 1367.0
1477950120.64, 1367.0
1477950120.69, 1367.0
1477950120.74, 1367.0
1477950120.79, 1367.0
1477950120.84, 1367.0
1477950120.89, 1367.0
1477950120.94, 1368.0
1477950120.99, 1368.0
1477950121.04, 1368.0
1477950121.09, 1369.0
1477950121.14, 1369.0
1477950121.19, 1370.0
1477950121.24, 1370.0
1477950121.29, 1370.0
1477950121.34, 1371.0
1477950121.39, 1371.0
1477950121.45, 1371.0
1477950121.5, 1372.0
1477950121.55, 1372.0
1477950121.6, 1372.0
1477950121.65, 1374.0
1477950121.7, 1374.0
1477950121.75, 1375.0
1477950121.8, 1375.0
1477950121.85, 1375.0
1477950121.9, 1376.0
1477950121.95, 1376.0
1477950122.0, 1376.0
1477950122.05, 1376.0
1477950122.1, 1376.0
1477950122.15, 1376.0
1477950122.2, 1376.0
1477950122.25, 1376.0
1477950122.3, 1376.0
1477950122.35, 1376.0
1477950122.4, 1376.0
1477950122.45, 1376.0
1477950122.5, 1376.0
1477950122.55, 1376.0
1477950122.6, 1376.0
1477950122.65, 1376.0
1477950122.7, 1376.0
1477950122.75, 1376.0
1477950122.8, 1376.0
1477950122.85, 1376.0
1477950122.9, 1376.0
1477950122.95, 1376.0
1477950123.0, 1376.0
1477950123.06, 1377.0
1477950123.11, 1377.0
1477950123.16, 1377.0
1477950123.21, 1378.0
1477950123.26, 1378.0
1477950123.31, 1378.0
1477950123.36, 1378.0
1477950123.41, 1378.0
1477950123.46, 1378.0
1477950123.51, 1378.0
1477950123.56, 1378.0
1477950123.61, 1378.0
1477950123.66, 1378.0
1477950123.71, 1378.0
1477950123.76, 1378.0
1477950123.81, 1378.0
1477950123.86, 1378.0
1477950123.91, 1378.0
1477950123.96, 1378.0
1477950124.01, 1378.0
1477950124.06, 1378.0
1477950124.12, 1378.0
1477950124.17, 1378.0
1477950124.22, 1378.0
1477950124.27, 1378.0
1477950124.32, 1378.0
1477950124.37, 1379.0
1477950124.42, 1379.0
1477950124.47, 1379.0
1477950124.52, 1379.0
1477950124.57, 1379.0
1477950124.62, 1379.0
1477950124.67, 1379.0
1477950124.72, 1379.0
1477950124.77, 1379.0
1477950124.82, 1379.0
1477950124.87, 1379.0
1477950124.92, 1379.0
1477950124.97, 1379.0
1477950125.02, 1379.0
1477950125.07, 1379.0
1477950125.12, 1379.0
1477950125.17, 1379.0
1477950125.22, 1379.0
1477950125.27, 1379.0
1477950125.32, 1379.0
1477950125.37, 1379.0
1477950125.42, 1379.0
1477950125.47, 1379.0
1477950125.52, 1379.0
1477950125.57, 1379.0
1477950125.62, 1379.0
1477950125.67, 1379.0
1477950125.72, 1379.0
1477950125.78, 1379.0
1477950125.83, 1379.0
1477950125.88, 1379.0
1477950125.93, 1379.0
1477950125.98, 1379.0
1477950126.03, 1379.0
1477950126.08, 1379.0
1477950126.13, 1379.0
1477950126.18, 1379.0
1477950126.23, 1379.0
1477950126.28, 1379.0
1477950126.33, 1379.0
1477950126.38, 1379.0
1477950126.43, 1379.0
1477950126.48, 1379.0
1477950126.53, 1379.0
1477950126.58, 1379.0
1477950126.63, 1379.0
1477950126.68, 1379.0
1477950126.73, 1379.0
1477950126.78, 1379.0
1477950126.83, 1379.0
1477950126.88, 1380.0
1477950126.93, 1380.0
1477950126.98, 1380.0
1477950127.03, 1380.0
1477950127.08, 1380.0
1477950127.13, 1380.0
1477950127.18, 1380.0
1477950127.23, 1380.0
1477950127.28, 1380.0
1477950127.33, 1380.0
1477950127.38, 1380.0
1477950127.43, 1380.0
1477950127.48, 1380.0
1477950127.54, 1380.0
1477950127.59, 1380.0
1477950127.64, 1381.0
1477950127.69, 1381.0
1477950127.74, 1381.0
1477950127.79, 1381.0
1477950127.84, 1381.0
1477950127.89, 1381.0
1477950127.94, 1381.0
1477950127.99, 1381.0
1477950128.04, 1381.0
1477950128.09, 1381.0
1477950128.14, 1381.0
1477950128.19, 1381.0
1477950128.24, 1381.0
1477950128.29, 1381.0
1477950128.34, 1381.0
1477950128.39, 1381.0
1477950128.44, 1381.0
1477950128.5, 1381.0
1477950128.55, 1381.0
1477950128.6, 1381.0
1477950128.65, 1381.0
1477950128.7, 1381.0
1477950128.75, 1381.0
1477950128.8, 1382.0
1477950128.85, 1382.0
1477950128.9, 1382.0
1477950128.95, 1382.0
1477950129.0, 1382.0
1477950129.05, 1382.0
1477950129.1, 1382.0
1477950129.15, 1382.0
1477950129.2, 1382.0
1477950129.25, 1382.0
1477950129.3, 1382.0
1477950129.35, 1382.0
1477950129.4, 1382.0
1477950129.45, 1382.0
1477950129.5, 1382.0
1477950129.55, 1382.0
1477950129.6, 1382.0
1477950129.65, 1382.0
1477950129.7, 1382.0
1477950129.75, 1382.0
1477950129.8, 1382.0
1477950129.85, 1382.0
1477950129.9, 1382.0
1477950129.95, 1382.0
1477950130.0, 1382.0
1477950130.05, 1382.0
1477950130.1, 1382.0
1477950130.16, 1382.0
1477950130.21, 1382.0
1477950130.26, 1382.0
1477950130.31, 1382.0
1477950130.36, 1382.0
1477950130.41, 1382.0
1477950130.46, 1382.0
1477950130.51, 1382.0
1477950130.56, 1382.0
1477950130.61, 1382.0
1477950130.66, 1382.0
1477950130.71, 1382.0
1477950130.76, 1382.0
1477950130.81, 1382.0
1477950130.86, 1382.0
1477950130.91, 1382.0
1477950130.96, 1382.0
1477950131.01, 1382.0
1477950131.06, 1382.0
1477950131.11, 1382.0
1477950131.16, 1382.0
1477950131.21, 1382.0
1477950131.26, 1382.0
1477950131.31, 1382.0
1477950131.36, 1382.0
1477950131.41, 1382.0
1477950131.46, 1382.0
1477950131.51, 1382.0
1477950131.56, 1382.0
1477950131.61, 1382.0
1477950131.66, 1382.0
1477950131.71, 1382.0
1477950131.76, 1382.0
1477950131.81, 1382.0
1477950131.86, 1382.0
1477950131.91, 1382.0
1477950131.96, 1382.0
1477950132.01, 1382.0
1477950132.07, 1383.0
1477950132.12, 1383.0
1477950132.17, 1383.0
1477950132.22, 1383.0
1477950132.27, 1383.0
1477950132.32, 1383.0
1477950132.37, 1383.0
1477950132.42, 1383.0
1477950132.47, 1383.0
1477950132.52, 1383.0
1477950132.57, 1383.0
1477950132.62, 1383.0
1477950132.67, 1383.0
1477950132.72, 1383.0
1477950132.77, 1383.0
