1477950101.36, 2625478.0
1477950101.48, 2646212.0
1477950101.59, 2666946.0
1477950101.69, 2684718.0
1477950101.79, 2704004.0
1477950101.89, 2721776.0
1477950101.98, 2739548.0
1477950102.07, 2757320.0
1477950102.16, 2773644.0
1477950102.24, 2785492.0
1477950102.37, 2812150.0
1477950102.56, 2846246.0
1477950102.73, 2871522.0
1477950102.82, 2877578.0
1477950102.87, 2889558.0
1477950102.92, 2889558.0
1477950102.97, 2891072.0
1477950103.02, 2892586.0
1477950103.07, 2892586.0
1477950103.12, 2892586.0
1477950103.17, 2892586.0
1477950103.22, 2892586.0
1477950103.27, 2892586.0
1477950103.32, 2892586.0
1477950103.38, 2892586.0
1477950103.43, 2892586.0
1477950103.48, 2892586.0
1477950103.53, 2892586.0
1477950103.58, 2892586.0
1477950103.63, 2892586.0
1477950103.68, 2892586.0
1477950103.73, 2892586.0
1477950103.78, 2892586.0
1477950103.83, 2892586.0
1477950103.88, 2892586.0
1477950103.93, 2892586.0
1477950103.98, 2892586.0
1477950104.03, 2892586.0
1477950104.08, 2894100.0
1477950104.13, 2904500.0
1477950104.18, 2907462.0
1477950104.23, 2913518.0
1477950104.28, 2922602.0
1477950104.33, 2922602.0
1477950104.41, 2922602.0
1477950104.46, 2922602.0
1477950104.51, 2922602.0
1477950104.56, 2922602.0
1477950104.61, 2922602.0
1477950104.66, 2922602.0
1477950104.71, 2922602.0
1477950104.77, 2922602.0
1477950104.82, 2922602.0
1477950104.87, 2922602.0
1477950104.92, 2922602.0
1477950104.97, 2922602.0
1477950105.02, 2922602.0
1477950105.07, 2922602.0
1477950105.12, 2922602.0
1477950105.17, 2922602.0
1477950105.22, 2922602.0
1477950105.27, 2922602.0
1477950105.32, 2922602.0
1477950105.37, 2924116.0
1477950105.42, 2924116.0
1477950105.47, 2927144.0
1477950105.52, 2927144.0
1477950105.57, 2930172.0
1477950105.62, 2931686.0
1477950105.67, 2931686.0
1477950105.72, 2931686.0
1477950105.77, 2931686.0
1477950105.83, 2931686.0
1477950105.88, 2931686.0
1477950105.93, 2931686.0
1477950105.98, 2931686.0
1477950106.03, 2931686.0
1477950106.08, 2931686.0
1477950106.13, 2931686.0
1477950106.18, 2931686.0
1477950106.23, 2931686.0
1477950106.28, 2931686.0
1477950106.33, 2931686.0
1477950106.38, 2931686.0
1477950106.43, 2931686.0
1477950106.49, 2931686.0
1477950106.54, 2931686.0
1477950106.59, 2931686.0
1477950106.64, 2933200.0
1477950106.69, 2933200.0
1477950106.74, 2933200.0
1477950106.79, 2933200.0
1477950106.84, 2933200.0
1477950106.89, 2933200.0
1477950106.94, 2933200.0
1477950106.99, 2933200.0
1477950107.04, 2933200.0
1477950107.09, 2933200.0
1477950107.14, 2933200.0
1477950107.19, 2933200.0
1477950107.24, 2933200.0
1477950107.29, 2933200.0
1477950107.34, 2933200.0
1477950107.39, 2933200.0
1477950107.44, 2933200.0
1477950107.49, 2933200.0
1477950107.54, 2933200.0
1477950107.59, 2933200.0
1477950107.64, 2933200.0
1477950107.69, 2933200.0
1477950107.74, 2933200.0
1477950107.79, 2933200.0
1477950107.84, 2933200.0
1477950107.89, 2933200.0
1477950107.94, 2933200.0
1477950107.99, 2933200.0
1477950108.04, 2933200.0
1477950108.09, 2933200.0
1477950108.14, 2933200.0
1477950108.19, 2933200.0
1477950108.24, 2933200.0
1477950108.29, 2933200.0
1477950108.34, 2933200.0
1477950108.39, 2933200.0
1477950108.44, 2933200.0
1477950108.49, 2933200.0
1477950108.54, 2933200.0
1477950108.59, 2933200.0
1477950108.64, 2933200.0
1477950108.7, 2934714.0
1477950108.75, 2934714.0
1477950108.8, 2934714.0
1477950108.85, 2937742.0
1477950108.9, 2937742.0
1477950108.95, 2937742.0
1477950109.0, 2937742.0
1477950109.05, 2937742.0
1477950109.1, 2937742.0
1477950109.15, 2937742.0
1477950109.2, 2937742.0
1477950109.25, 2937742.0
1477950109.3, 2937742.0
1477950109.35, 2937742.0
1477950109.4, 2937742.0
1477950109.45, 2937742.0
1477950109.5, 2937742.0
1477950109.55, 2937742.0
1477950109.6, 2937742.0
1477950109.65, 2937742.0
1477950109.7, 2937742.0
1477950109.75, 2937742.0
1477950109.8, 2937742.0
1477950109.85, 2937742.0
1477950109.9, 2939256.0
1477950109.95, 2939256.0
1477950110.0, 2939256.0
1477950110.05, 2939256.0
1477950110.1, 2939256.0
1477950110.15, 2939256.0
1477950110.2, 2939256.0
1477950110.25, 2939256.0
1477950110.3, 2939256.0
1477950110.36, 2939256.0
1477950110.41, 2939256.0
1477950110.46, 2939256.0
1477950110.52, 2939256.0
1477950110.57, 2939256.0
1477950110.62, 2939256.0
1477950110.67, 2939256.0
1477950110.72, 2939256.0
1477950110.77, 2939256.0
1477950110.82, 2939256.0
1477950110.87, 2939256.0
1477950110.92, 2939256.0
1477950110.97, 2939256.0
1477950111.02, 2939256.0
1477950111.07, 2939256.0
1477950111.12, 2939256.0
1477950111.17, 2939256.0
1477950111.23, 2939256.0
1477950111.28, 2939256.0
1477950111.33, 2939256.0
1477950111.38, 2939256.0
1477950111.43, 2939256.0
1477950111.48, 2939256.0
1477950111.53, 2939256.0
1477950111.58, 2939256.0
1477950111.63, 2939256.0
1477950111.68, 2939256.0
1477950111.73, 2939256.0
1477950111.78, 2939256.0
1477950111.83, 2939256.0
1477950111.88, 2939256.0
1477950111.93, 2939256.0
1477950111.98, 2940770.0
1477950112.03, 2940770.0
1477950112.08, 2943798.0
1477950112.13, 2943798.0
1477950112.18, 2943798.0
1477950112.23, 2943798.0
1477950112.28, 2943798.0
1477950112.33, 2943798.0
1477950112.38, 2943798.0
1477950112.43, 2943798.0
1477950112.48, 2943798.0
1477950112.53, 2943798.0
1477950112.58, 2943798.0
1477950112.63, 2943798.0
1477950112.68, 2943798.0
1477950112.73, 2943798.0
1477950112.78, 2943798.0
1477950112.83, 2943798.0
1477950112.88, 2943798.0
1477950112.93, 2943798.0
1477950112.99, 2943798.0
1477950113.04, 2943798.0
1477950113.09, 2943798.0
1477950113.14, 2945312.0
1477950113.19, 2945312.0
1477950113.24, 2945312.0
1477950113.29, 2945312.0
1477950113.34, 2945312.0
1477950113.39, 2945312.0
1477950113.44, 2945312.0
1477950113.49, 2945312.0
1477950113.54, 2945312.0
1477950113.59, 2945312.0
1477950113.64, 2945312.0
1477950113.69, 2945312.0
1477950113.74, 2945312.0
1477950113.79, 2945312.0
1477950113.84, 2945312.0
1477950113.89, 2945312.0
1477950113.94, 2945312.0
1477950113.99, 2945312.0
1477950114.04, 2945312.0
1477950114.09, 2945312.0
1477950114.14, 2945312.0
1477950114.19, 2945312.0
1477950114.24, 2945312.0
1477950114.29, 2945312.0
1477950114.34, 2945312.0
1477950114.39, 2945312.0
1477950114.44, 2945312.0
1477950114.49, 2945312.0
1477950114.54, 2945312.0
1477950114.59, 2945312.0
1477950114.65, 2945312.0
1477950114.7, 2945312.0
1477950114.75, 2945312.0
1477950114.8, 2945312.0
1477950114.85, 2945312.0
1477950114.9, 2945312.0
1477950114.95, 2945312.0
1477950115.0, 2945312.0
1477950115.05, 2945312.0
1477950115.1, 2945312.0
1477950115.15, 2945312.0
1477950115.2, 2946826.0
1477950115.25, 2946826.0
1477950115.3, 2946826.0
1477950115.35, 2949854.0
1477950115.4, 2949854.0
1477950115.45, 2949854.0
1477950115.5, 2949854.0
1477950115.55, 2949854.0
1477950115.6, 2949854.0
1477950115.65, 2949854.0
1477950115.7, 2949854.0
1477950115.75, 2949854.0
1477950115.8, 2949854.0
1477950115.85, 2949854.0
1477950115.9, 2949854.0
1477950115.95, 2949854.0
1477950116.0, 2949854.0
1477950116.05, 2949854.0
1477950116.1, 2949854.0
1477950116.15, 2949854.0
1477950116.2, 2949854.0
1477950116.25, 2949854.0
1477950116.31, 2949854.0
1477950116.36, 2949854.0
1477950116.41, 2951368.0
1477950116.46, 2951368.0
1477950116.51, 2954396.0
1477950116.56, 2954396.0
1477950116.61, 2954396.0
1477950116.66, 2954396.0
1477950116.71, 2954396.0
1477950116.76, 2954396.0
1477950116.81, 2954396.0
1477950116.86, 2954396.0
1477950116.91, 2954396.0
1477950116.96, 2954396.0
1477950117.01, 2954396.0
1477950117.06, 2954396.0
1477950117.11, 2954438.0
1477950117.16, 2954438.0
1477950117.21, 2954438.0
1477950117.26, 2954438.0
1477950117.31, 2954438.0
1477950117.36, 2954438.0
1477950117.41, 2954438.0
1477950117.46, 2954438.0
1477950117.51, 2954438.0
1477950117.56, 2955952.0
1477950117.61, 2955952.0
1477950117.66, 2955952.0
1477950117.71, 2955952.0
1477950117.76, 2955952.0
1477950117.81, 2955952.0
1477950117.86, 2955952.0
1477950117.91, 2955952.0
1477950117.96, 2955952.0
1477950118.01, 2955952.0
1477950118.07, 2955952.0
1477950118.12, 2955994.0
1477950118.17, 2955994.0
1477950118.22, 2955994.0
1477950118.27, 2955994.0
1477950118.32, 2955994.0
1477950118.37, 2955994.0
1477950118.42, 2955994.0
1477950118.47, 2955994.0
1477950118.52, 2955994.0
1477950118.57, 2955994.0
1477950118.62, 2955994.0
1477950118.67, 2955994.0
1477950118.72, 2955994.0
1477950118.77, 2955994.0
1477950118.82, 2955994.0
1477950118.87, 2955994.0
1477950118.92, 2955994.0
1477950118.97, 2955994.0
1477950119.02, 2955994.0
1477950119.07, 2955994.0
1477950119.12, 2955994.0
1477950119.17, 2955994.0
1477950119.22, 2955994.0
1477950119.27, 2955994.0
1477950119.32, 2955994.0
1477950119.37, 2955994.0
1477950119.42, 2955994.0
1477950119.47, 2955994.0
1477950119.52, 2955994.0
1477950119.57, 2955994.0
1477950119.62, 2957508.0
1477950119.68, 2957508.0
1477950119.74, 2957508.0
1477950119.79, 2960536.0
1477950119.84, 2960536.0
1477950119.89, 2960536.0
1477950119.94, 2960536.0
1477950119.99, 2960536.0
1477950120.04, 2960536.0
1477950120.09, 2960536.0
1477950120.14, 2960536.0
1477950120.19, 2960536.0
1477950120.24, 2960536.0
1477950120.29, 2960536.0
1477950120.34, 2960536.0
1477950120.39, 2960536.0
1477950120.44, 2960536.0
1477950120.49, 2960536.0
1477950120.54, 2960536.0
1477950120.59, 2960536.0
1477950120.64, 2960536.0
1477950120.69, 2960536.0
1477950120.74, 2960536.0
1477950120.79, 2962050.0
1477950120.84, 2962050.0
1477950120.89, 2962050.0
1477950120.94, 2965078.0
1477950120.99, 2965078.0
1477950121.04, 2965078.0
1477950121.09, 2966592.0
1477950121.14, 2966592.0
1477950121.19, 2966592.0
1477950121.24, 2971134.0
1477950121.29, 2971134.0
1477950121.34, 2972648.0
1477950121.39, 2972648.0
1477950121.45, 2972648.0
1477950121.5, 2978704.0
1477950121.55, 2978704.0
1477950121.6, 2978704.0
1477950121.65, 2980218.0
1477950121.7, 2980218.0
1477950121.75, 2981732.0
1477950121.8, 2981732.0
1477950121.85, 2981732.0
1477950121.9, 2984760.0
1477950121.95, 2984760.0
1477950122.0, 2984760.0
1477950122.05, 2984760.0
1477950122.1, 2984760.0
1477950122.15, 2984760.0
1477950122.2, 2984760.0
1477950122.25, 2984760.0
1477950122.3, 2984760.0
1477950122.35, 2984760.0
1477950122.4, 2984760.0
1477950122.45, 2984760.0
1477950122.5, 2984760.0
1477950122.55, 2984760.0
1477950122.6, 2984760.0
1477950122.65, 2984760.0
1477950122.7, 2984760.0
1477950122.75, 2984760.0
1477950122.8, 2984760.0
1477950122.85, 2984760.0
1477950122.9, 2984760.0
1477950122.95, 2986274.0
1477950123.0, 2986274.0
1477950123.06, 2989302.0
1477950123.11, 2989302.0
1477950123.16, 2989302.0
1477950123.21, 2990816.0
1477950123.26, 2990816.0
1477950123.31, 2990816.0
1477950123.36, 2990816.0
1477950123.41, 2990816.0
1477950123.46, 2990816.0
1477950123.51, 2990816.0
1477950123.56, 2990816.0
1477950123.61, 2990816.0
1477950123.66, 2990816.0
1477950123.71, 2990816.0
1477950123.76, 2990816.0
1477950123.81, 2990816.0
1477950123.86, 2990816.0
1477950123.91, 2990816.0
1477950123.96, 2990816.0
1477950124.01, 2990816.0
1477950124.06, 2990816.0
1477950124.12, 2990816.0
1477950124.17, 2990816.0
1477950124.22, 2990816.0
1477950124.27, 2992330.0
1477950124.32, 2992330.0
1477950124.37, 2995358.0
1477950124.42, 2995358.0
1477950124.47, 2995358.0
1477950124.52, 2995358.0
1477950124.57, 2995358.0
1477950124.62, 2995358.0
1477950124.67, 2995358.0
1477950124.72, 2995358.0
1477950124.77, 2995358.0
1477950124.82, 2995358.0
1477950124.87, 2995358.0
1477950124.92, 2995358.0
1477950124.97, 2995358.0
1477950125.02, 2995358.0
1477950125.07, 2995358.0
1477950125.12, 2995358.0
1477950125.17, 2995358.0
1477950125.22, 2995358.0
1477950125.27, 2995358.0
1477950125.32, 2995358.0
1477950125.37, 2995358.0
1477950125.42, 2996872.0
1477950125.47, 2996872.0
1477950125.52, 2996872.0
1477950125.57, 2996872.0
1477950125.62, 2996872.0
1477950125.67, 2996872.0
1477950125.72, 2996872.0
1477950125.78, 2996872.0
1477950125.83, 2996872.0
1477950125.88, 2996872.0
1477950125.93, 2996872.0
1477950125.98, 2996872.0
1477950126.03, 2996872.0
1477950126.08, 2996872.0
1477950126.13, 2996872.0
1477950126.18, 2996872.0
1477950126.23, 2996872.0
1477950126.28, 2996872.0
1477950126.33, 2996872.0
1477950126.38, 2996872.0
1477950126.43, 2996872.0
1477950126.48, 2996872.0
1477950126.53, 2996872.0
1477950126.58, 2996872.0
1477950126.63, 2996872.0
1477950126.68, 2996872.0
1477950126.73, 2996872.0
1477950126.78, 2996872.0
1477950126.83, 2996872.0
1477950126.88, 2996872.0
1477950126.93, 2996872.0
1477950126.98, 2996872.0
1477950127.03, 2996872.0
1477950127.08, 2996872.0
1477950127.13, 2996872.0
1477950127.18, 2996872.0
1477950127.23, 2996872.0
1477950127.28, 2996872.0
1477950127.33, 2996872.0
1477950127.38, 2996872.0
1477950127.43, 2996872.0
1477950127.48, 2998386.0
1477950127.54, 2998386.0
1477950127.59, 2998386.0
1477950127.64, 3001414.0
1477950127.69, 3001414.0
1477950127.74, 3001414.0
1477950127.79, 3001414.0
1477950127.84, 3001414.0
1477950127.89, 3001414.0
1477950127.94, 3001414.0
1477950127.99, 3001414.0
1477950128.04, 3001414.0
1477950128.09, 3001414.0
1477950128.14, 3001414.0
1477950128.19, 3001414.0
1477950128.24, 3001414.0
1477950128.29, 3001414.0
1477950128.34, 3001414.0
1477950128.39, 3001414.0
1477950128.44, 3001414.0
1477950128.5, 3001414.0
1477950128.55, 3001414.0
1477950128.6, 3001414.0
1477950128.65, 3001414.0
1477950128.7, 3002928.0
1477950128.75, 3002928.0
1477950128.8, 3005956.0
1477950128.85, 3005956.0
1477950128.9, 3005956.0
1477950128.95, 3005956.0
1477950129.0, 3005956.0
1477950129.05, 3005956.0
1477950129.1, 3005956.0
1477950129.15, 3005956.0
1477950129.2, 3005956.0
1477950129.25, 3005956.0
1477950129.3, 3005956.0
1477950129.35, 3005956.0
1477950129.4, 3005956.0
1477950129.45, 3005956.0
1477950129.5, 3005956.0
1477950129.55, 3005956.0
1477950129.6, 3005956.0
1477950129.65, 3005956.0
1477950129.7, 3005956.0
1477950129.75, 3005956.0
1477950129.8, 3005956.0
1477950129.85, 3007470.0
1477950129.9, 3007470.0
1477950129.95, 3007470.0
1477950130.0, 3007470.0
1477950130.05, 3007470.0
1477950130.1, 3007470.0
1477950130.16, 3007470.0
1477950130.21, 3007470.0
1477950130.26, 3007470.0
1477950130.31, 3007470.0
1477950130.36, 3007470.0
1477950130.41, 3007470.0
1477950130.46, 3007470.0
1477950130.51, 3007470.0
1477950130.56, 3007470.0
1477950130.61, 3007470.0
1477950130.66, 3007470.0
1477950130.71, 3007470.0
1477950130.76, 3007470.0
1477950130.81, 3007470.0
1477950130.86, 3007470.0
1477950130.91, 3007470.0
1477950130.96, 3007470.0
1477950131.01, 3007470.0
1477950131.06, 3007470.0
1477950131.11, 3007470.0
1477950131.16, 3007470.0
1477950131.21, 3007470.0
1477950131.26, 3007470.0
1477950131.31, 3007470.0
1477950131.36, 3007470.0
1477950131.41, 3007470.0
1477950131.46, 3007470.0
1477950131.51, 3007470.0
1477950131.56, 3007470.0
1477950131.61, 3007470.0
1477950131.66, 3007470.0
1477950131.71, 3007470.0
1477950131.76, 3007470.0
1477950131.81, 3007470.0
1477950131.86, 3007470.0
1477950131.91, 3008984.0
1477950131.96, 3008984.0
1477950132.01, 3008984.0
1477950132.07, 3012012.0
1477950132.12, 3012012.0
1477950132.17, 3012012.0
1477950132.22, 3012012.0
1477950132.27, 3012012.0
1477950132.32, 3012012.0
1477950132.37, 3012012.0
1477950132.42, 3012012.0
1477950132.47, 3012012.0
1477950132.52, 3012012.0
1477950132.57, 3012012.0
1477950132.62, 3012012.0
1477950132.67, 3012012.0
1477950132.72, 3012012.0
1477950132.77, 3012012.0
