1477950101.36, 23403.0
1477950101.48, 23403.0
1477950101.59, 23403.0
1477950101.69, 23403.0
1477950101.79, 23403.0
1477950101.89, 23403.0
1477950101.98, 23403.0
1477950102.07, 23403.0
1477950102.16, 23403.0
1477950102.24, 23403.0
1477950102.37, 23403.0
1477950102.56, 23529.0
1477950102.73, 26787.0
1477950102.82, 35721.0
1477950102.87, 40167.0
1477950102.92, 49101.0
1477950102.97, 57993.0
1477950103.02, 65487.0
1477950103.07, 74708.0
1477950103.12, 83768.0
1477950103.17, 94226.0
1477950103.22, 103202.0
1477950103.27, 113618.0
1477950103.32, 122552.0
1477950103.38, 132968.0
1477950103.43, 141944.0
1477950103.48, 150878.0
1477950103.53, 161336.0
1477950103.58, 170270.0
1477950103.63, 179288.0
1477950103.68, 189662.0
1477950103.73, 198554.0
1477950103.78, 209054.0
1477950103.83, 218030.0
1477950103.88, 226922.0
1477950103.93, 237506.0
1477950103.98, 246398.0
1477950104.03, 255416.0
1477950104.08, 265916.0
1477950104.13, 273452.0
1477950104.18, 282344.0
1477950104.23, 288272.0
1477950104.28, 288272.0
1477950104.33, 297164.0
1477950104.41, 312068.0
1477950104.46, 321002.0
1477950104.51, 331460.0
1477950104.56, 340352.0
1477950104.61, 349244.0
1477950104.66, 359660.0
1477950104.71, 368594.0
1477950104.77, 377486.0
1477950104.82, 387860.0
1477950104.87, 396752.0
1477950104.92, 407126.0
1477950104.97, 416018.0
1477950105.02, 424910.0
1477950105.07, 435284.0
1477950105.12, 444176.0
1477950105.17, 453068.0
1477950105.22, 463442.0
1477950105.27, 472334.0
1477950105.32, 481226.0
1477950105.37, 491600.0
1477950105.42, 500492.0
1477950105.47, 507902.0
1477950105.52, 518276.0
1477950105.57, 524204.0
1477950105.62, 534578.0
1477950105.67, 543470.0
1477950105.72, 552362.0
1477950105.77, 562736.0
1477950105.83, 573110.0
1477950105.88, 582002.0
1477950105.93, 592376.0
1477950105.98, 601268.0
1477950106.03, 611642.0
1477950106.08, 620534.0
1477950106.13, 629426.0
1477950106.18, 639800.0
1477950106.23, 648692.0
1477950106.28, 659066.0
1477950106.33, 667958.0
1477950106.38, 676850.0
1477950106.43, 687224.0
1477950106.49, 696116.0
1477950106.54, 705008.0
1477950106.59, 715382.0
1477950106.64, 724274.0
1477950106.69, 733166.0
1477950106.74, 743540.0
1477950106.79, 752432.0
1477950106.84, 761324.0
1477950106.89, 771698.0
1477950106.94, 780590.0
1477950106.99, 790964.0
1477950107.04, 799856.0
1477950107.09, 808748.0
1477950107.14, 819122.0
1477950107.19, 828014.0
1477950107.24, 836906.0
1477950107.29, 847280.0
1477950107.34, 856172.0
1477950107.39, 865064.0
1477950107.44, 875438.0
1477950107.49, 884330.0
1477950107.54, 893222.0
1477950107.59, 903596.0
1477950107.64, 912488.0
1477950107.69, 921380.0
1477950107.74, 931754.0
1477950107.79, 940646.0
1477950107.84, 951020.0
1477950107.89, 959912.0
1477950107.94, 968804.0
1477950107.99, 979178.0
1477950108.04, 988070.0
1477950108.09, 996962.0
1477950108.14, 1007336.0
1477950108.19, 1016228.0
1477950108.24, 1025120.0
1477950108.29, 1035494.0
1477950108.34, 1044386.0
1477950108.39, 1053278.0
1477950108.44, 1063652.0
1477950108.49, 1072544.0
1477950108.54, 1082918.0
1477950108.59, 1091810.0
1477950108.64, 1100702.0
1477950108.7, 1111076.0
1477950108.75, 1119968.0
1477950108.8, 1128860.0
1477950108.85, 1137752.0
1477950108.9, 1146644.0
1477950108.95, 1155536.0
1477950109.0, 1165910.0
1477950109.05, 1174802.0
1477950109.1, 1183694.0
1477950109.15, 1194068.0
1477950109.2, 1202960.0
1477950109.25, 1211852.0
1477950109.3, 1222226.0
1477950109.35, 1231118.0
1477950109.4, 1240010.0
1477950109.45, 1250384.0
1477950109.5, 1259276.0
1477950109.55, 1269650.0
1477950109.6, 1278542.0
1477950109.65, 1287434.0
1477950109.7, 1297808.0
1477950109.75, 1306700.0
1477950109.8, 1315592.0
1477950109.85, 1325966.0
1477950109.9, 1334858.0
1477950109.95, 1343750.0
1477950110.0, 1354124.0
1477950110.05, 1363016.0
1477950110.1, 1373390.0
1477950110.15, 1382282.0
1477950110.2, 1391174.0
1477950110.25, 1401548.0
1477950110.3, 1410440.0
1477950110.36, 1420814.0
1477950110.41, 1429706.0
1477950110.46, 1438598.0
1477950110.52, 1450454.0
1477950110.57, 1460828.0
1477950110.62, 1469720.0
1477950110.67, 1480094.0
1477950110.72, 1488986.0
1477950110.77, 1497878.0
1477950110.82, 1508252.0
1477950110.87, 1517144.0
1477950110.92, 1526036.0
1477950110.97, 1536410.0
1477950111.02, 1545302.0
1477950111.07, 1555676.0
1477950111.12, 1564568.0
1477950111.17, 1573460.0
1477950111.23, 1583834.0
1477950111.28, 1592726.0
1477950111.33, 1601618.0
1477950111.38, 1611992.0
1477950111.43, 1620884.0
1477950111.48, 1631258.0
1477950111.53, 1640150.0
1477950111.58, 1649084.0
1477950111.63, 1659458.0
1477950111.68, 1668350.0
1477950111.73, 1677242.0
1477950111.78, 1687616.0
1477950111.83, 1696508.0
1477950111.88, 1705400.0
1477950111.93, 1715774.0
1477950111.98, 1724666.0
1477950112.03, 1735040.0
1477950112.08, 1742450.0
1477950112.13, 1751342.0
1477950112.18, 1761716.0
1477950112.23, 1770608.0
1477950112.28, 1779500.0
1477950112.33, 1789874.0
1477950112.38, 1798766.0
1477950112.43, 1807658.0
1477950112.48, 1818032.0
1477950112.53, 1826924.0
1477950112.58, 1835816.0
1477950112.63, 1846190.0
1477950112.68, 1855082.0
1477950112.73, 1865456.0
1477950112.78, 1874348.0
1477950112.83, 1883240.0
1477950112.88, 1893614.0
1477950112.93, 1902506.0
1477950112.99, 1911398.0
1477950113.04, 1921772.0
1477950113.09, 1930664.0
1477950113.14, 1939556.0
1477950113.19, 1949930.0
1477950113.24, 1958822.0
1477950113.29, 1969196.0
1477950113.34, 1978088.0
1477950113.39, 1986980.0
1477950113.44, 1997354.0
1477950113.49, 2006246.0
1477950113.54, 2015138.0
1477950113.59, 2025512.0
1477950113.64, 2034404.0
1477950113.69, 2044778.0
1477950113.74, 2053670.0
1477950113.79, 2062604.0
1477950113.84, 2072978.0
1477950113.89, 2081870.0
1477950113.94, 2090762.0
1477950113.99, 2101136.0
1477950114.04, 2110028.0
1477950114.09, 2118920.0
1477950114.14, 2129294.0
1477950114.19, 2138186.0
1477950114.24, 2147078.0
1477950114.29, 2157452.0
1477950114.34, 2166344.0
1477950114.39, 2175236.0
1477950114.44, 2185610.0
1477950114.49, 2194502.0
1477950114.54, 2204876.0
1477950114.59, 2213768.0
1477950114.65, 2222660.0
1477950114.7, 2233034.0
1477950114.75, 2241926.0
1477950114.8, 2250818.0
1477950114.85, 2261192.0
1477950114.9, 2270084.0
1477950114.95, 2280458.0
1477950115.0, 2289350.0
1477950115.05, 2298242.0
1477950115.1, 2308616.0
1477950115.15, 2317508.0
1477950115.2, 2326400.0
1477950115.25, 2336774.0
1477950115.3, 2345666.0
1477950115.35, 2353076.0
1477950115.4, 2363450.0
1477950115.45, 2372342.0
1477950115.5, 2382716.0
1477950115.55, 2391608.0
1477950115.6, 2400500.0
1477950115.65, 2410874.0
1477950115.7, 2419766.0
1477950115.75, 2428658.0
1477950115.8, 2439032.0
1477950115.85, 2447924.0
1477950115.9, 2456816.0
1477950115.95, 2467190.0
1477950116.0, 2476082.0
1477950116.05, 2484974.0
1477950116.1, 2495348.0
1477950116.15, 2504240.0
1477950116.2, 2514614.0
1477950116.25, 2523506.0
1477950116.31, 2532601.0
1477950116.36, 2542975.0
1477950116.41, 2551867.0
1477950116.46, 2560759.0
1477950116.51, 2569651.0
1477950116.56, 2578543.0
1477950116.61, 2587435.0
1477950116.66, 2597809.0
1477950116.71, 2606701.0
1477950116.76, 2615593.0
1477950116.81, 2625967.0
1477950116.86, 2634859.0
1477950116.91, 2645233.0
1477950116.96, 2654125.0
1477950117.01, 2663017.0
1477950117.06, 2673391.0
1477950117.11, 2682283.0
1477950117.16, 2691175.0
1477950117.21, 2701549.0
1477950117.26, 2710441.0
1477950117.31, 2719333.0
1477950117.36, 2729707.0
1477950117.41, 2738599.0
1477950117.46, 2747491.0
1477950117.51, 2757865.0
1477950117.56, 2766757.0
1477950117.61, 2777131.0
1477950117.66, 2786023.0
1477950117.71, 2794915.0
1477950117.76, 2805289.0
1477950117.81, 2814181.0
1477950117.86, 2823073.0
1477950117.91, 2833447.0
1477950117.96, 2842339.0
1477950118.01, 2851231.0
1477950118.07, 2861605.0
1477950118.12, 2870497.0
1477950118.17, 2880871.0
1477950118.22, 2889763.0
1477950118.27, 2898655.0
1477950118.32, 2909029.0
1477950118.37, 2917921.0
1477950118.42, 2926813.0
1477950118.47, 2937187.0
1477950118.52, 2946079.0
1477950118.57, 2956453.0
1477950118.62, 2965345.0
1477950118.67, 2974237.0
1477950118.72, 2984611.0
1477950118.77, 2993503.0
1477950118.82, 3002395.0
1477950118.87, 3012769.0
1477950118.92, 3021661.0
1477950118.97, 3030553.0
1477950119.02, 3040927.0
1477950119.07, 3050022.0
1477950119.12, 3058914.0
1477950119.17, 3069288.0
1477950119.22, 3078180.0
1477950119.27, 3088554.0
1477950119.32, 3097446.0
1477950119.37, 3106338.0
1477950119.42, 3116712.0
1477950119.47, 3125604.0
1477950119.52, 3134496.0
1477950119.57, 3144870.0
1477950119.62, 3153762.0
1477950119.68, 3165618.0
1477950119.74, 3174510.0
1477950119.79, 3181920.0
1477950119.84, 3192294.0
1477950119.89, 3201186.0
1477950119.94, 3211560.0
1477950119.99, 3220452.0
1477950120.04, 3229344.0
1477950120.09, 3239718.0
1477950120.14, 3248610.0
1477950120.19, 3257502.0
1477950120.24, 3267876.0
1477950120.29, 3276768.0
1477950120.34, 3287142.0
1477950120.39, 3296034.0
1477950120.44, 3304926.0
1477950120.49, 3315300.0
1477950120.54, 3324192.0
1477950120.59, 3333084.0
1477950120.64, 3343458.0
1477950120.69, 3352350.0
1477950120.74, 3361242.0
1477950120.79, 3371616.0
1477950120.84, 3380508.0
1477950120.89, 3389400.0
1477950120.94, 3398292.0
1477950120.99, 3407184.0
1477950121.04, 3417558.0
1477950121.09, 3424968.0
1477950121.14, 3433860.0
1477950121.19, 3442752.0
1477950121.24, 3451644.0
1477950121.29, 3460536.0
1477950121.34, 3469428.0
1477950121.39, 3478320.0
1477950121.45, 3487212.0
1477950121.5, 3496104.0
1477950121.55, 3504996.0
1477950121.6, 3513888.0
1477950121.65, 3521298.0
1477950121.7, 3530190.0
1477950121.75, 3537600.0
1477950121.8, 3547974.0
1477950121.85, 3556866.0
1477950121.9, 3564276.0
1477950121.95, 3574650.0
1477950122.0, 3583542.0
1477950122.05, 3593916.0
1477950122.1, 3602808.0
1477950122.15, 3611700.0
1477950122.2, 3622074.0
1477950122.25, 3630966.0
1477950122.3, 3639858.0
1477950122.35, 3650232.0
1477950122.4, 3659124.0
1477950122.45, 3669498.0
1477950122.5, 3678390.0
1477950122.55, 3687282.0
1477950122.6, 3697656.0
1477950122.65, 3706548.0
1477950122.7, 3715440.0
1477950122.75, 3725814.0
1477950122.8, 3734706.0
1477950122.85, 3743598.0
1477950122.9, 3753972.0
1477950122.95, 3762864.0
1477950123.0, 3773238.0
1477950123.06, 3780648.0
1477950123.11, 3789540.0
1477950123.16, 3799914.0
1477950123.21, 3807324.0
1477950123.26, 3816216.0
1477950123.31, 3826590.0
1477950123.36, 3835482.0
1477950123.41, 3845856.0
1477950123.46, 3854748.0
1477950123.51, 3863640.0
1477950123.56, 3874014.0
1477950123.61, 3882906.0
1477950123.66, 3891798.0
1477950123.71, 3902172.0
1477950123.76, 3911064.0
1477950123.81, 3921438.0
1477950123.86, 3930330.0
1477950123.91, 3939222.0
1477950123.96, 3949596.0
1477950124.01, 3958488.0
1477950124.06, 3968862.0
1477950124.12, 3977754.0
1477950124.17, 3986646.0
1477950124.22, 3997020.0
1477950124.27, 4005912.0
1477950124.32, 4014804.0
1477950124.37, 4023696.0
1477950124.42, 4032588.0
1477950124.47, 4042962.0
1477950124.52, 4051854.0
1477950124.57, 4060746.0
1477950124.62, 4071120.0
1477950124.67, 4080012.0
1477950124.72, 4088904.0
1477950124.77, 4099278.0
1477950124.82, 4108170.0
1477950124.87, 4117062.0
1477950124.92, 4127436.0
1477950124.97, 4136328.0
1477950125.02, 4146702.0
1477950125.07, 4155594.0
1477950125.12, 4164486.0
1477950125.17, 4174860.0
1477950125.22, 4183752.0
1477950125.27, 4192644.0
1477950125.32, 4203018.0
1477950125.37, 4211910.0
1477950125.42, 4220802.0
1477950125.47, 4231176.0
1477950125.52, 4240068.0
1477950125.57, 4248960.0
1477950125.62, 4259334.0
1477950125.67, 4268226.0
1477950125.72, 4278600.0
1477950125.78, 4287492.0
1477950125.83, 4296384.0
1477950125.88, 4306758.0
1477950125.93, 4315650.0
1477950125.98, 4324542.0
1477950126.03, 4334916.0
1477950126.08, 4343808.0
1477950126.13, 4354182.0
1477950126.18, 4363074.0
1477950126.23, 4371966.0
1477950126.28, 4382340.0
1477950126.33, 4391232.0
1477950126.38, 4400124.0
1477950126.43, 4410498.0
1477950126.48, 4419390.0
1477950126.53, 4428282.0
1477950126.58, 4438656.0
1477950126.63, 4447548.0
1477950126.68, 4457922.0
1477950126.73, 4466814.0
1477950126.78, 4475706.0
1477950126.83, 4486080.0
1477950126.88, 4495175.0
1477950126.93, 4504067.0
1477950126.98, 4514441.0
1477950127.03, 4523333.0
1477950127.08, 4532225.0
1477950127.13, 4542599.0
1477950127.18, 4551491.0
1477950127.23, 4560383.0
1477950127.28, 4570757.0
1477950127.33, 4579649.0
1477950127.38, 4588541.0
1477950127.43, 4598915.0
1477950127.48, 4607807.0
1477950127.54, 4616699.0
1477950127.59, 4627073.0
1477950127.64, 4634483.0
1477950127.69, 4644857.0
1477950127.74, 4653749.0
1477950127.79, 4662641.0
1477950127.84, 4673015.0
1477950127.89, 4681907.0
1477950127.94, 4690799.0
1477950127.99, 4701173.0
1477950128.04, 4711547.0
1477950128.09, 4720439.0
1477950128.14, 4729331.0
1477950128.19, 4739705.0
1477950128.24, 4748597.0
1477950128.29, 4757489.0
1477950128.34, 4767863.0
1477950128.39, 4776755.0
1477950128.44, 4787129.0
1477950128.5, 4796021.0
1477950128.55, 4804913.0
1477950128.6, 4815287.0
1477950128.65, 4824179.0
1477950128.7, 4833071.0
1477950128.75, 4843445.0
1477950128.8, 4850855.0
1477950128.85, 4859747.0
1477950128.9, 4870121.0
1477950128.95, 4879013.0
1477950129.0, 4887905.0
1477950129.05, 4898279.0
1477950129.1, 4907171.0
1477950129.15, 4917545.0
1477950129.2, 4926437.0
1477950129.25, 4936811.0
1477950129.3, 4945703.0
1477950129.35, 4954595.0
1477950129.4, 4964969.0
1477950129.45, 4973861.0
1477950129.5, 4982753.0
1477950129.55, 4993127.0
1477950129.6, 5002019.0
1477950129.65, 5010911.0
1477950129.7, 5021285.0
1477950129.75, 5030177.0
1477950129.8, 5039069.0
1477950129.85, 5049443.0
1477950129.9, 5058335.0
1477950129.95, 5067227.0
1477950130.0, 5077601.0
1477950130.05, 5086493.0
1477950130.1, 5096867.0
1477950130.16, 5105759.0
1477950130.21, 5114651.0
1477950130.26, 5125025.0
1477950130.31, 5133917.0
1477950130.36, 5142809.0
1477950130.41, 5153183.0
1477950130.46, 5162075.0
1477950130.51, 5170967.0
1477950130.56, 5181341.0
1477950130.61, 5190233.0
1477950130.66, 5199125.0
1477950130.71, 5209499.0
1477950130.76, 5218391.0
1477950130.81, 5228765.0
1477950130.86, 5237657.0
1477950130.91, 5246549.0
1477950130.96, 5256923.0
1477950131.01, 5265815.0
1477950131.06, 5274707.0
1477950131.11, 5285081.0
1477950131.16, 5293973.0
1477950131.21, 5302865.0
1477950131.26, 5313239.0
1477950131.31, 5322131.0
1477950131.36, 5332505.0
1477950131.41, 5341397.0
1477950131.46, 5350289.0
1477950131.51, 5360663.0
1477950131.56, 5369555.0
1477950131.61, 5378447.0
1477950131.66, 5388821.0
1477950131.71, 5397713.0
1477950131.76, 5406605.0
1477950131.81, 5416979.0
1477950131.86, 5425871.0
1477950131.91, 5436245.0
1477950131.96, 5445137.0
1477950132.01, 5454029.0
1477950132.07, 5462921.0
1477950132.12, 5471813.0
1477950132.17, 5480705.0
1477950132.22, 5491079.0
1477950132.27, 5499971.0
1477950132.32, 5508863.0
1477950132.37, 5519237.0
1477950132.42, 5528129.0
1477950132.47, 5537021.0
1477950132.52, 5547395.0
1477950132.57, 5556287.0
1477950132.62, 5565179.0
1477950132.67, 5575553.0
1477950132.72, 5584445.0
1477950132.77, 5593337.0
