1477950101.36, 2416356.0
1477950101.48, 2440052.0
1477950101.59, 2459338.0
1477950101.69, 2477110.0
1477950101.79, 2494882.0
1477950101.89, 2514168.0
1477950101.98, 2531940.0
1477950102.07, 2549915.0
1477950102.16, 2564725.0
1477950102.24, 2581049.0
1477950102.37, 2601783.0
1477950102.56, 2637453.0
1477950102.73, 2665919.0
1477950102.82, 2674847.0
1477950102.87, 2677875.0
1477950102.92, 2679431.0
1477950102.97, 2679431.0
1477950103.02, 2681029.0
1477950103.07, 2681358.0
1477950103.12, 2681526.0
1477950103.17, 2681610.0
1477950103.22, 2681694.0
1477950103.27, 2681736.0
1477950103.32, 2681778.0
1477950103.38, 2681820.0
1477950103.43, 2681904.0
1477950103.48, 2681946.0
1477950103.53, 2682030.0
1477950103.58, 2682072.0
1477950103.63, 2682198.0
1477950103.68, 2682198.0
1477950103.73, 2682198.0
1477950103.78, 2682324.0
1477950103.83, 2682408.0
1477950103.88, 2682408.0
1477950103.93, 2682618.0
1477950103.98, 2682618.0
1477950104.03, 2682744.0
1477950104.08, 2682870.0
1477950104.13, 2684510.0
1477950104.18, 2684510.0
1477950104.23, 2688986.0
1477950104.28, 2697872.0
1477950104.33, 2697872.0
1477950104.41, 2697956.0
1477950104.46, 2697998.0
1477950104.51, 2698082.0
1477950104.56, 2698082.0
1477950104.61, 2698082.0
1477950104.66, 2698124.0
1477950104.71, 2698166.0
1477950104.77, 2698166.0
1477950104.82, 2698166.0
1477950104.87, 2698166.0
1477950104.92, 2698166.0
1477950104.97, 2698166.0
1477950105.02, 2698166.0
1477950105.07, 2698166.0
1477950105.12, 2698166.0
1477950105.17, 2698166.0
1477950105.22, 2698166.0
1477950105.27, 2698166.0
1477950105.32, 2698166.0
1477950105.37, 2698166.0
1477950105.42, 2698166.0
1477950105.47, 2699680.0
1477950105.52, 2699680.0
1477950105.57, 2702708.0
1477950105.62, 2702708.0
1477950105.67, 2702708.0
1477950105.72, 2702708.0
1477950105.77, 2702708.0
1477950105.83, 2702708.0
1477950105.88, 2702708.0
1477950105.93, 2702708.0
1477950105.98, 2702708.0
1477950106.03, 2702708.0
1477950106.08, 2702708.0
1477950106.13, 2702708.0
1477950106.18, 2702708.0
1477950106.23, 2702708.0
1477950106.28, 2702708.0
1477950106.33, 2702708.0
1477950106.38, 2702708.0
1477950106.43, 2702708.0
1477950106.49, 2702708.0
1477950106.54, 2702708.0
1477950106.59, 2702708.0
1477950106.64, 2702708.0
1477950106.69, 2702708.0
1477950106.74, 2702708.0
1477950106.79, 2702708.0
1477950106.84, 2702708.0
1477950106.89, 2702708.0
1477950106.94, 2702708.0
1477950106.99, 2702708.0
1477950107.04, 2702708.0
1477950107.09, 2702708.0
1477950107.14, 2702708.0
1477950107.19, 2702708.0
1477950107.24, 2702708.0
1477950107.29, 2702708.0
1477950107.34, 2702708.0
1477950107.39, 2702708.0
1477950107.44, 2702708.0
1477950107.49, 2702708.0
1477950107.54, 2702708.0
1477950107.59, 2702708.0
1477950107.64, 2702708.0
1477950107.69, 2702708.0
1477950107.74, 2702708.0
1477950107.79, 2702708.0
1477950107.84, 2702708.0
1477950107.89, 2702708.0
1477950107.94, 2702708.0
1477950107.99, 2702708.0
1477950108.04, 2702708.0
1477950108.09, 2702708.0
1477950108.14, 2702708.0
1477950108.19, 2702708.0
1477950108.24, 2702708.0
1477950108.29, 2702708.0
1477950108.34, 2702708.0
1477950108.39, 2702708.0
1477950108.44, 2702708.0
1477950108.49, 2702708.0
1477950108.54, 2702708.0
1477950108.59, 2702708.0
1477950108.64, 2702708.0
1477950108.7, 2702708.0
1477950108.75, 2702708.0
1477950108.8, 2702708.0
1477950108.85, 2704222.0
1477950108.9, 2704222.0
1477950108.95, 2704222.0
1477950109.0, 2704222.0
1477950109.05, 2704222.0
1477950109.1, 2704222.0
1477950109.15, 2704222.0
1477950109.2, 2704222.0
1477950109.25, 2704222.0
1477950109.3, 2704222.0
1477950109.35, 2704222.0
1477950109.4, 2704222.0
1477950109.45, 2704222.0
1477950109.5, 2704222.0
1477950109.55, 2704222.0
1477950109.6, 2704222.0
1477950109.65, 2704222.0
1477950109.7, 2704222.0
1477950109.75, 2704222.0
1477950109.8, 2704222.0
1477950109.85, 2704222.0
1477950109.9, 2704222.0
1477950109.95, 2704222.0
1477950110.0, 2704222.0
1477950110.05, 2704222.0
1477950110.1, 2704222.0
1477950110.15, 2704222.0
1477950110.2, 2704222.0
1477950110.25, 2704222.0
1477950110.3, 2704222.0
1477950110.36, 2704222.0
1477950110.41, 2704222.0
1477950110.46, 2704222.0
1477950110.52, 2704222.0
1477950110.57, 2704222.0
1477950110.62, 2704222.0
1477950110.67, 2704222.0
1477950110.72, 2704222.0
1477950110.77, 2704222.0
1477950110.82, 2704222.0
1477950110.87, 2704222.0
1477950110.92, 2704222.0
1477950110.97, 2704222.0
1477950111.02, 2704222.0
1477950111.07, 2704222.0
1477950111.12, 2704222.0
1477950111.17, 2704222.0
1477950111.23, 2704222.0
1477950111.28, 2704222.0
1477950111.33, 2704222.0
1477950111.38, 2704222.0
1477950111.43, 2704222.0
1477950111.48, 2704222.0
1477950111.53, 2704222.0
1477950111.58, 2704264.0
1477950111.63, 2704264.0
1477950111.68, 2704264.0
1477950111.73, 2704264.0
1477950111.78, 2704264.0
1477950111.83, 2704264.0
1477950111.88, 2704264.0
1477950111.93, 2704264.0
1477950111.98, 2704264.0
1477950112.03, 2704264.0
1477950112.08, 2705778.0
1477950112.13, 2705778.0
1477950112.18, 2705778.0
1477950112.23, 2705778.0
1477950112.28, 2705778.0
1477950112.33, 2705778.0
1477950112.38, 2705778.0
1477950112.43, 2705778.0
1477950112.48, 2705778.0
1477950112.53, 2705778.0
1477950112.58, 2705778.0
1477950112.63, 2705778.0
1477950112.68, 2705778.0
1477950112.73, 2705778.0
1477950112.78, 2705778.0
1477950112.83, 2705778.0
1477950112.88, 2705778.0
1477950112.93, 2705778.0
1477950112.99, 2705778.0
1477950113.04, 2705778.0
1477950113.09, 2705778.0
1477950113.14, 2705778.0
1477950113.19, 2705778.0
1477950113.24, 2705778.0
1477950113.29, 2705778.0
1477950113.34, 2705778.0
1477950113.39, 2705778.0
1477950113.44, 2705778.0
1477950113.49, 2705778.0
1477950113.54, 2705778.0
1477950113.59, 2705778.0
1477950113.64, 2705778.0
1477950113.69, 2705778.0
1477950113.74, 2705778.0
1477950113.79, 2705820.0
1477950113.84, 2705820.0
1477950113.89, 2705820.0
1477950113.94, 2705820.0
1477950113.99, 2705820.0
1477950114.04, 2705820.0
1477950114.09, 2705820.0
1477950114.14, 2705820.0
1477950114.19, 2705820.0
1477950114.24, 2705820.0
1477950114.29, 2705820.0
1477950114.34, 2705820.0
1477950114.39, 2705820.0
1477950114.44, 2705820.0
1477950114.49, 2705820.0
1477950114.54, 2705820.0
1477950114.59, 2705820.0
1477950114.65, 2705820.0
1477950114.7, 2705820.0
1477950114.75, 2705820.0
1477950114.8, 2705820.0
1477950114.85, 2705820.0
1477950114.9, 2705820.0
1477950114.95, 2705820.0
1477950115.0, 2705820.0
1477950115.05, 2705820.0
1477950115.1, 2705820.0
1477950115.15, 2705820.0
1477950115.2, 2705820.0
1477950115.25, 2705820.0
1477950115.3, 2705820.0
1477950115.35, 2707334.0
1477950115.4, 2707334.0
1477950115.45, 2707334.0
1477950115.5, 2707334.0
1477950115.55, 2707334.0
1477950115.6, 2707334.0
1477950115.65, 2707334.0
1477950115.7, 2707334.0
1477950115.75, 2707334.0
1477950115.8, 2707334.0
1477950115.85, 2707334.0
1477950115.9, 2707334.0
1477950115.95, 2707334.0
1477950116.0, 2707334.0
1477950116.05, 2707334.0
1477950116.1, 2707334.0
1477950116.15, 2707334.0
1477950116.2, 2707334.0
1477950116.25, 2707334.0
1477950116.31, 2707334.0
1477950116.36, 2707334.0
1477950116.41, 2707334.0
1477950116.46, 2707334.0
1477950116.51, 2708848.0
1477950116.56, 2708848.0
1477950116.61, 2708848.0
1477950116.66, 2708848.0
1477950116.71, 2708848.0
1477950116.76, 2708848.0
1477950116.81, 2708848.0
1477950116.86, 2708848.0
1477950116.91, 2708848.0
1477950116.96, 2708848.0
1477950117.01, 2708848.0
1477950117.06, 2708848.0
1477950117.11, 2708848.0
1477950117.16, 2708848.0
1477950117.21, 2708848.0
1477950117.26, 2708848.0
1477950117.31, 2708848.0
1477950117.36, 2708848.0
1477950117.41, 2708848.0
1477950117.46, 2708848.0
1477950117.51, 2708848.0
1477950117.56, 2708848.0
1477950117.61, 2708848.0
1477950117.66, 2708848.0
1477950117.71, 2708848.0
1477950117.76, 2708848.0
1477950117.81, 2708848.0
1477950117.86, 2708848.0
1477950117.91, 2708848.0
1477950117.96, 2708848.0
1477950118.01, 2709051.0
1477950118.07, 2709051.0
1477950118.12, 2709051.0
1477950118.17, 2709051.0
1477950118.22, 2709051.0
1477950118.27, 2709093.0
1477950118.32, 2709093.0
1477950118.37, 2709093.0
1477950118.42, 2709093.0
1477950118.47, 2709093.0
1477950118.52, 2709093.0
1477950118.57, 2709093.0
1477950118.62, 2709093.0
1477950118.67, 2709093.0
1477950118.72, 2709093.0
1477950118.77, 2709093.0
1477950118.82, 2709093.0
1477950118.87, 2709093.0
1477950118.92, 2709093.0
1477950118.97, 2709093.0
1477950119.02, 2709093.0
1477950119.07, 2709296.0
1477950119.12, 2709296.0
1477950119.17, 2709296.0
1477950119.22, 2709296.0
1477950119.27, 2709296.0
1477950119.32, 2709296.0
1477950119.37, 2709296.0
1477950119.42, 2709296.0
1477950119.47, 2709296.0
1477950119.52, 2709296.0
1477950119.57, 2709296.0
1477950119.62, 2709296.0
1477950119.68, 2709296.0
1477950119.74, 2709296.0
1477950119.79, 2710810.0
1477950119.84, 2710810.0
1477950119.89, 2710810.0
1477950119.94, 2710810.0
1477950119.99, 2710810.0
1477950120.04, 2710810.0
1477950120.09, 2710810.0
1477950120.14, 2710810.0
1477950120.19, 2710810.0
1477950120.24, 2710810.0
1477950120.29, 2710810.0
1477950120.34, 2710810.0
1477950120.39, 2710810.0
1477950120.44, 2710810.0
1477950120.49, 2710810.0
1477950120.54, 2710810.0
1477950120.59, 2710810.0
1477950120.64, 2710810.0
1477950120.69, 2710810.0
1477950120.74, 2710810.0
1477950120.79, 2710810.0
1477950120.84, 2710810.0
1477950120.89, 2710810.0
1477950120.94, 2712324.0
1477950120.99, 2712324.0
1477950121.04, 2712324.0
1477950121.09, 2713838.0
1477950121.14, 2713838.0
1477950121.19, 2715352.0
1477950121.24, 2715352.0
1477950121.29, 2715352.0
1477950121.34, 2716866.0
1477950121.39, 2716866.0
1477950121.45, 2716866.0
1477950121.5, 2718380.0
1477950121.55, 2718380.0
1477950121.6, 2718380.0
1477950121.65, 2721408.0
1477950121.7, 2721408.0
1477950121.75, 2722922.0
1477950121.8, 2722922.0
1477950121.85, 2722922.0
1477950121.9, 2724436.0
1477950121.95, 2724436.0
1477950122.0, 2724436.0
1477950122.05, 2724436.0
1477950122.1, 2724436.0
1477950122.15, 2724436.0
1477950122.2, 2724436.0
1477950122.25, 2724436.0
1477950122.3, 2724436.0
1477950122.35, 2724436.0
1477950122.4, 2724436.0
1477950122.45, 2724436.0
1477950122.5, 2724436.0
1477950122.55, 2724436.0
1477950122.6, 2724436.0
1477950122.65, 2724436.0
1477950122.7, 2724436.0
1477950122.75, 2724436.0
1477950122.8, 2724436.0
1477950122.85, 2724436.0
1477950122.9, 2724436.0
1477950122.95, 2724436.0
1477950123.0, 2724436.0
1477950123.06, 2725950.0
1477950123.11, 2725950.0
1477950123.16, 2725950.0
1477950123.21, 2727464.0
1477950123.26, 2727464.0
1477950123.31, 2727464.0
1477950123.36, 2727464.0
1477950123.41, 2727464.0
1477950123.46, 2727464.0
1477950123.51, 2727464.0
1477950123.56, 2727464.0
1477950123.61, 2727464.0
1477950123.66, 2727464.0
1477950123.71, 2727464.0
1477950123.76, 2727464.0
1477950123.81, 2727464.0
1477950123.86, 2727464.0
1477950123.91, 2727464.0
1477950123.96, 2727464.0
1477950124.01, 2727464.0
1477950124.06, 2727464.0
1477950124.12, 2727464.0
1477950124.17, 2727464.0
1477950124.22, 2727464.0
1477950124.27, 2727464.0
1477950124.32, 2727464.0
1477950124.37, 2728978.0
1477950124.42, 2728978.0
1477950124.47, 2728978.0
1477950124.52, 2728978.0
1477950124.57, 2728978.0
1477950124.62, 2728978.0
1477950124.67, 2728978.0
1477950124.72, 2728978.0
1477950124.77, 2728978.0
1477950124.82, 2728978.0
1477950124.87, 2728978.0
1477950124.92, 2728978.0
1477950124.97, 2728978.0
1477950125.02, 2728978.0
1477950125.07, 2728978.0
1477950125.12, 2728978.0
1477950125.17, 2728978.0
1477950125.22, 2728978.0
1477950125.27, 2728978.0
1477950125.32, 2728978.0
1477950125.37, 2728978.0
1477950125.42, 2728978.0
1477950125.47, 2728978.0
1477950125.52, 2728978.0
1477950125.57, 2728978.0
1477950125.62, 2728978.0
1477950125.67, 2728978.0
1477950125.72, 2728978.0
1477950125.78, 2728978.0
1477950125.83, 2728978.0
1477950125.88, 2728978.0
1477950125.93, 2728978.0
1477950125.98, 2728978.0
1477950126.03, 2728978.0
1477950126.08, 2728978.0
1477950126.13, 2728978.0
1477950126.18, 2728978.0
1477950126.23, 2728978.0
1477950126.28, 2728978.0
1477950126.33, 2728978.0
1477950126.38, 2728978.0
1477950126.43, 2728978.0
1477950126.48, 2728978.0
1477950126.53, 2728978.0
1477950126.58, 2728978.0
1477950126.63, 2728978.0
1477950126.68, 2728978.0
1477950126.73, 2728978.0
1477950126.78, 2728978.0
1477950126.83, 2728978.0
1477950126.88, 2729181.0
1477950126.93, 2729181.0
1477950126.98, 2729181.0
1477950127.03, 2729181.0
1477950127.08, 2729181.0
1477950127.13, 2729181.0
1477950127.18, 2729181.0
1477950127.23, 2729181.0
1477950127.28, 2729181.0
1477950127.33, 2729181.0
1477950127.38, 2729181.0
1477950127.43, 2729181.0
1477950127.48, 2729181.0
1477950127.54, 2729181.0
1477950127.59, 2729181.0
1477950127.64, 2730695.0
1477950127.69, 2730695.0
1477950127.74, 2730695.0
1477950127.79, 2730695.0
1477950127.84, 2730695.0
1477950127.89, 2730695.0
1477950127.94, 2730695.0
1477950127.99, 2730695.0
1477950128.04, 2730695.0
1477950128.09, 2730695.0
1477950128.14, 2730695.0
1477950128.19, 2730695.0
1477950128.24, 2730695.0
1477950128.29, 2730695.0
1477950128.34, 2730695.0
1477950128.39, 2730695.0
1477950128.44, 2730695.0
1477950128.5, 2730695.0
1477950128.55, 2730695.0
1477950128.6, 2730695.0
1477950128.65, 2730695.0
1477950128.7, 2730695.0
1477950128.75, 2730695.0
1477950128.8, 2732209.0
1477950128.85, 2732209.0
1477950128.9, 2732209.0
1477950128.95, 2732209.0
1477950129.0, 2732209.0
1477950129.05, 2732209.0
1477950129.1, 2732209.0
1477950129.15, 2732209.0
1477950129.2, 2732209.0
1477950129.25, 2732209.0
1477950129.3, 2732209.0
1477950129.35, 2732209.0
1477950129.4, 2732209.0
1477950129.45, 2732209.0
1477950129.5, 2732209.0
1477950129.55, 2732209.0
1477950129.6, 2732209.0
1477950129.65, 2732209.0
1477950129.7, 2732209.0
1477950129.75, 2732209.0
1477950129.8, 2732209.0
1477950129.85, 2732209.0
1477950129.9, 2732209.0
1477950129.95, 2732209.0
1477950130.0, 2732209.0
1477950130.05, 2732209.0
1477950130.1, 2732209.0
1477950130.16, 2732209.0
1477950130.21, 2732209.0
1477950130.26, 2732209.0
1477950130.31, 2732209.0
1477950130.36, 2732209.0
1477950130.41, 2732209.0
1477950130.46, 2732209.0
1477950130.51, 2732209.0
1477950130.56, 2732209.0
1477950130.61, 2732209.0
1477950130.66, 2732209.0
1477950130.71, 2732209.0
1477950130.76, 2732209.0
1477950130.81, 2732209.0
1477950130.86, 2732209.0
1477950130.91, 2732209.0
1477950130.96, 2732209.0
1477950131.01, 2732209.0
1477950131.06, 2732209.0
1477950131.11, 2732209.0
1477950131.16, 2732209.0
1477950131.21, 2732209.0
1477950131.26, 2732209.0
1477950131.31, 2732209.0
1477950131.36, 2732209.0
1477950131.41, 2732209.0
1477950131.46, 2732209.0
1477950131.51, 2732209.0
1477950131.56, 2732209.0
1477950131.61, 2732209.0
1477950131.66, 2732209.0
1477950131.71, 2732209.0
1477950131.76, 2732209.0
1477950131.81, 2732209.0
1477950131.86, 2732209.0
1477950131.91, 2732209.0
1477950131.96, 2732209.0
1477950132.01, 2732209.0
1477950132.07, 2733723.0
1477950132.12, 2733723.0
1477950132.17, 2733723.0
1477950132.22, 2733723.0
1477950132.27, 2733723.0
1477950132.32, 2733723.0
1477950132.37, 2733723.0
1477950132.42, 2733723.0
1477950132.47, 2733723.0
1477950132.52, 2733723.0
1477950132.57, 2733723.0
1477950132.62, 2733723.0
1477950132.67, 2733723.0
1477950132.72, 2733723.0
1477950132.77, 2733723.0
