1477950270.46, 1231.0
1477950270.59, 1240.0
1477950270.69, 1246.0
1477950270.82, 1254.0
1477950270.91, 1260.0
1477950271.01, 1266.0
1477950271.1, 1272.0
1477950271.19, 1277.0
1477950271.26, 1282.0
1477950271.35, 1288.0
1477950271.43, 1294.0
1477950271.53, 1300.0
1477950271.63, 1310.0
1477950271.73, 1321.0
1477950271.78, 1326.0
1477950271.83, 1328.0
1477950271.88, 1329.0
1477950271.93, 1333.0
1477950271.98, 1335.0
1477950272.03, 1337.0
1477950272.08, 1341.0
1477950272.13, 1342.0
1477950272.18, 1344.0
1477950272.23, 1347.0
1477950272.28, 1347.0
1477950272.33, 1348.0
1477950272.38, 1351.0
1477950272.43, 1353.0
1477950272.48, 1354.0
1477950272.53, 1356.0
1477950272.58, 1357.0
1477950272.63, 1360.0
1477950272.68, 1362.0
1477950272.73, 1363.0
1477950272.79, 1365.0
1477950272.84, 1366.0
1477950272.89, 1369.0
1477950272.94, 1370.0
1477950272.99, 1371.0
1477950273.04, 1375.0
1477950273.09, 1376.0
1477950273.14, 1378.0
1477950273.19, 1382.0
1477950273.24, 1382.0
1477950273.29, 1385.0
1477950273.34, 1388.0
1477950273.39, 1388.0
1477950273.44, 1393.0
1477950273.49, 1395.0
1477950273.54, 1395.0
1477950273.59, 1400.0
1477950273.64, 1400.0
1477950273.69, 1400.0
1477950273.74, 1400.0
1477950273.79, 1400.0
1477950273.84, 1401.0
1477950273.89, 1401.0
1477950273.94, 1401.0
1477950273.99, 1401.0
1477950274.04, 1401.0
1477950274.09, 1401.0
1477950274.14, 1401.0
1477950274.19, 1401.0
1477950274.24, 1401.0
1477950274.29, 1401.0
1477950274.34, 1401.0
1477950274.4, 1401.0
1477950274.45, 1401.0
1477950274.5, 1401.0
1477950274.55, 1401.0
1477950274.6, 1401.0
1477950274.65, 1401.0
1477950274.7, 1401.0
1477950274.75, 1402.0
1477950274.8, 1402.0
1477950274.85, 1402.0
1477950274.9, 1402.0
1477950274.95, 1402.0
1477950275.0, 1402.0
1477950275.05, 1402.0
1477950275.1, 1402.0
1477950275.15, 1402.0
1477950275.2, 1402.0
1477950275.25, 1402.0
1477950275.3, 1402.0
1477950275.35, 1402.0
1477950275.4, 1402.0
1477950275.45, 1402.0
1477950275.5, 1402.0
1477950275.55, 1402.0
1477950275.6, 1402.0
1477950275.65, 1402.0
1477950275.7, 1402.0
1477950275.75, 1402.0
1477950275.8, 1402.0
1477950275.85, 1402.0
1477950275.9, 1402.0
1477950275.95, 1403.0
1477950276.0, 1403.0
1477950276.05, 1403.0
1477950276.1, 1403.0
1477950276.15, 1403.0
1477950276.2, 1403.0
1477950276.25, 1403.0
1477950276.31, 1403.0
1477950276.36, 1403.0
1477950276.41, 1403.0
1477950276.46, 1403.0
1477950276.51, 1403.0
1477950276.56, 1403.0
1477950276.61, 1403.0
1477950276.66, 1403.0
1477950276.71, 1403.0
1477950276.76, 1403.0
1477950276.81, 1403.0
1477950276.86, 1403.0
1477950276.91, 1403.0
1477950276.96, 1403.0
1477950277.01, 1403.0
1477950277.06, 1403.0
1477950277.11, 1404.0
1477950277.16, 1404.0
1477950277.21, 1404.0
1477950277.26, 1404.0
1477950277.31, 1404.0
1477950277.36, 1404.0
1477950277.41, 1404.0
1477950277.46, 1404.0
1477950277.51, 1404.0
1477950277.56, 1404.0
1477950277.61, 1404.0
1477950277.66, 1404.0
1477950277.71, 1404.0
1477950277.76, 1404.0
1477950277.81, 1404.0
1477950277.86, 1404.0
1477950277.91, 1404.0
1477950277.97, 1404.0
1477950278.02, 1404.0
1477950278.07, 1404.0
1477950278.12, 1404.0
1477950278.17, 1404.0
1477950278.22, 1404.0
1477950278.27, 1404.0
1477950278.32, 1405.0
1477950278.37, 1405.0
1477950278.42, 1405.0
1477950278.47, 1405.0
1477950278.52, 1405.0
1477950278.57, 1405.0
1477950278.62, 1405.0
1477950278.67, 1405.0
1477950278.72, 1405.0
1477950278.77, 1405.0
1477950278.82, 1405.0
1477950278.87, 1405.0
1477950278.92, 1405.0
1477950278.97, 1405.0
1477950279.02, 1405.0
1477950279.07, 1405.0
1477950279.12, 1405.0
1477950279.17, 1405.0
1477950279.22, 1405.0
1477950279.27, 1405.0
1477950279.32, 1405.0
1477950279.37, 1405.0
1477950279.42, 1405.0
1477950279.47, 1406.0
1477950279.52, 1406.0
1477950279.57, 1406.0
1477950279.62, 1406.0
1477950279.67, 1406.0
1477950279.73, 1406.0
1477950279.78, 1406.0
1477950279.83, 1406.0
1477950279.88, 1406.0
1477950279.93, 1406.0
1477950279.98, 1406.0
1477950280.03, 1406.0
1477950280.08, 1406.0
1477950280.13, 1406.0
1477950280.18, 1406.0
1477950280.23, 1406.0
1477950280.28, 1406.0
1477950280.33, 1406.0
1477950280.38, 1406.0
1477950280.43, 1406.0
1477950280.48, 1406.0
1477950280.53, 1406.0
1477950280.58, 1406.0
1477950280.63, 1406.0
1477950280.68, 1407.0
1477950280.73, 1407.0
1477950280.78, 1407.0
1477950280.83, 1407.0
1477950280.88, 1407.0
1477950280.93, 1407.0
1477950280.98, 1407.0
1477950281.03, 1407.0
1477950281.08, 1407.0
1477950281.13, 1407.0
1477950281.18, 1407.0
1477950281.24, 1407.0
1477950281.29, 1407.0
1477950281.34, 1407.0
1477950281.39, 1407.0
1477950281.44, 1407.0
1477950281.49, 1407.0
1477950281.54, 1407.0
1477950281.59, 1407.0
1477950281.64, 1407.0
1477950281.69, 1407.0
1477950281.74, 1407.0
1477950281.79, 1407.0
1477950281.84, 1407.0
1477950281.89, 1407.0
1477950281.94, 1407.0
1477950281.99, 1407.0
1477950282.04, 1407.0
1477950282.09, 1407.0
1477950282.14, 1407.0
1477950282.19, 1407.0
1477950282.24, 1407.0
1477950282.29, 1407.0
1477950282.34, 1407.0
1477950282.39, 1407.0
1477950282.44, 1407.0
1477950282.49, 1407.0
1477950282.55, 1407.0
1477950282.6, 1407.0
1477950282.65, 1407.0
1477950282.7, 1407.0
1477950282.75, 1407.0
1477950282.8, 1407.0
1477950282.85, 1407.0
1477950282.9, 1407.0
1477950282.95, 1407.0
1477950283.0, 1407.0
1477950283.05, 1407.0
1477950283.1, 1407.0
1477950283.15, 1407.0
1477950283.2, 1407.0
1477950283.25, 1407.0
1477950283.3, 1407.0
1477950283.35, 1407.0
1477950283.4, 1407.0
1477950283.45, 1407.0
1477950283.5, 1407.0
1477950283.55, 1407.0
1477950283.6, 1407.0
1477950283.65, 1407.0
1477950283.7, 1407.0
1477950283.75, 1407.0
1477950283.8, 1407.0
1477950283.85, 1407.0
1477950283.9, 1407.0
1477950283.95, 1408.0
1477950284.01, 1408.0
1477950284.06, 1408.0
1477950284.11, 1408.0
1477950284.16, 1408.0
1477950284.21, 1408.0
1477950284.26, 1408.0
1477950284.31, 1408.0
1477950284.36, 1408.0
1477950284.41, 1408.0
1477950284.46, 1408.0
1477950284.51, 1408.0
1477950284.56, 1408.0
1477950284.61, 1408.0
1477950284.66, 1408.0
1477950284.71, 1408.0
1477950284.76, 1408.0
1477950284.81, 1408.0
1477950284.86, 1408.0
1477950284.91, 1408.0
1477950284.96, 1408.0
1477950285.01, 1408.0
1477950285.06, 1408.0
1477950285.11, 1408.0
1477950285.16, 1408.0
1477950285.21, 1408.0
1477950285.26, 1408.0
1477950285.31, 1408.0
1477950285.36, 1408.0
1477950285.41, 1408.0
1477950285.46, 1409.0
1477950285.51, 1409.0
1477950285.56, 1409.0
1477950285.61, 1409.0
1477950285.67, 1409.0
1477950285.72, 1409.0
1477950285.77, 1409.0
1477950285.82, 1409.0
1477950285.87, 1409.0
1477950285.92, 1409.0
1477950285.97, 1409.0
1477950286.02, 1409.0
1477950286.07, 1409.0
1477950286.12, 1409.0
1477950286.17, 1409.0
1477950286.22, 1409.0
1477950286.27, 1409.0
1477950286.32, 1409.0
1477950286.37, 1409.0
1477950286.42, 1409.0
1477950286.47, 1409.0
1477950286.52, 1409.0
1477950286.57, 1409.0
1477950286.64, 1410.0
1477950286.69, 1410.0
1477950286.74, 1410.0
1477950286.79, 1410.0
1477950286.84, 1410.0
1477950286.89, 1410.0
1477950286.94, 1410.0
1477950286.99, 1410.0
1477950287.04, 1410.0
1477950287.09, 1410.0
1477950287.14, 1410.0
1477950287.19, 1411.0
1477950287.24, 1411.0
1477950287.29, 1411.0
1477950287.34, 1411.0
1477950287.39, 1412.0
1477950287.44, 1412.0
1477950287.49, 1412.0
1477950287.54, 1412.0
1477950287.59, 1412.0
1477950287.64, 1412.0
1477950287.69, 1412.0
1477950287.75, 1412.0
1477950287.8, 1412.0
1477950287.85, 1412.0
1477950287.9, 1412.0
1477950287.95, 1413.0
1477950288.0, 1413.0
1477950288.05, 1413.0
1477950288.1, 1413.0
1477950288.15, 1413.0
1477950288.2, 1413.0
1477950288.25, 1413.0
1477950288.3, 1413.0
1477950288.35, 1414.0
1477950288.4, 1414.0
1477950288.45, 1414.0
1477950288.5, 1414.0
1477950288.55, 1414.0
1477950288.6, 1414.0
1477950288.65, 1414.0
1477950288.7, 1414.0
1477950288.75, 1414.0
1477950288.8, 1414.0
1477950288.86, 1414.0
1477950288.91, 1414.0
1477950288.96, 1414.0
1477950289.01, 1414.0
1477950289.06, 1414.0
1477950289.11, 1414.0
1477950289.16, 1414.0
1477950289.21, 1414.0
1477950289.26, 1414.0
1477950289.31, 1414.0
1477950289.36, 1414.0
1477950289.41, 1414.0
1477950289.46, 1414.0
1477950289.51, 1414.0
1477950289.56, 1414.0
1477950289.61, 1414.0
1477950289.66, 1414.0
1477950289.71, 1414.0
1477950289.77, 1414.0
1477950289.82, 1414.0
1477950289.87, 1414.0
1477950289.92, 1414.0
1477950289.97, 1414.0
1477950290.02, 1414.0
1477950290.07, 1414.0
1477950290.12, 1414.0
1477950290.18, 1414.0
1477950290.23, 1414.0
1477950290.28, 1414.0
1477950290.33, 1414.0
1477950290.38, 1414.0
1477950290.43, 1414.0
1477950290.48, 1414.0
1477950290.54, 1414.0
1477950290.59, 1414.0
1477950290.65, 1414.0
1477950290.7, 1414.0
1477950290.75, 1414.0
1477950290.8, 1414.0
1477950290.85, 1414.0
1477950290.9, 1414.0
1477950290.95, 1414.0
1477950291.0, 1414.0
1477950291.05, 1414.0
1477950291.11, 1414.0
1477950291.16, 1414.0
1477950291.21, 1414.0
1477950291.26, 1414.0
1477950291.31, 1414.0
1477950291.36, 1414.0
1477950291.41, 1414.0
1477950291.46, 1414.0
1477950291.51, 1414.0
1477950291.56, 1414.0
1477950291.61, 1414.0
1477950291.66, 1414.0
1477950291.71, 1414.0
1477950291.76, 1414.0
1477950291.82, 1414.0
1477950291.87, 1414.0
1477950291.92, 1414.0
1477950291.97, 1414.0
1477950292.03, 1414.0
1477950292.1, 1414.0
1477950292.15, 1414.0
1477950292.2, 1414.0
1477950292.25, 1414.0
1477950292.3, 1414.0
1477950292.35, 1414.0
1477950292.4, 1414.0
1477950292.45, 1414.0
1477950292.5, 1414.0
1477950292.55, 1414.0
1477950292.6, 1414.0
1477950292.66, 1414.0
1477950292.71, 1414.0
1477950292.76, 1414.0
1477950292.81, 1414.0
1477950292.86, 1414.0
1477950292.91, 1414.0
1477950292.96, 1414.0
1477950293.01, 1414.0
1477950293.06, 1414.0
1477950293.12, 1414.0
1477950293.17, 1414.0
1477950293.22, 1414.0
1477950293.27, 1414.0
1477950293.32, 1414.0
1477950293.37, 1414.0
1477950293.42, 1414.0
1477950293.47, 1414.0
1477950293.52, 1414.0
1477950293.57, 1414.0
1477950293.62, 1414.0
1477950293.67, 1414.0
1477950293.72, 1414.0
1477950293.77, 1414.0
1477950293.82, 1414.0
1477950293.87, 1414.0
1477950293.92, 1414.0
1477950293.97, 1414.0
1477950294.02, 1414.0
1477950294.07, 1414.0
1477950294.13, 1414.0
1477950294.18, 1414.0
1477950294.23, 1414.0
1477950294.28, 1414.0
1477950294.33, 1414.0
1477950294.38, 1414.0
1477950294.43, 1414.0
1477950294.48, 1414.0
1477950294.53, 1414.0
1477950294.58, 1414.0
1477950294.63, 1414.0
1477950294.68, 1414.0
1477950294.73, 1414.0
1477950294.78, 1414.0
1477950294.83, 1414.0
1477950294.88, 1414.0
1477950294.93, 1414.0
1477950294.98, 1414.0
1477950295.03, 1414.0
1477950295.08, 1414.0
1477950295.13, 1414.0
1477950295.18, 1414.0
1477950295.23, 1414.0
1477950295.28, 1414.0
1477950295.33, 1414.0
1477950295.39, 1414.0
1477950295.44, 1414.0
1477950295.49, 1414.0
1477950295.54, 1414.0
1477950295.59, 1414.0
1477950295.64, 1414.0
1477950295.69, 1414.0
1477950295.74, 1414.0
1477950295.79, 1415.0
1477950295.84, 1415.0
1477950295.89, 1415.0
1477950295.94, 1415.0
1477950295.99, 1415.0
1477950296.05, 1415.0
1477950296.1, 1415.0
1477950296.15, 1415.0
1477950296.2, 1415.0
1477950296.25, 1415.0
1477950296.3, 1415.0
1477950296.35, 1415.0
1477950296.4, 1415.0
1477950296.45, 1415.0
1477950296.5, 1415.0
1477950296.55, 1415.0
1477950296.6, 1415.0
1477950296.65, 1415.0
1477950296.7, 1415.0
1477950296.75, 1415.0
1477950296.8, 1415.0
1477950296.85, 1415.0
1477950296.9, 1415.0
1477950296.95, 1415.0
1477950297.0, 1415.0
1477950297.05, 1415.0
1477950297.1, 1415.0
1477950297.15, 1415.0
1477950297.2, 1415.0
1477950297.25, 1415.0
1477950297.31, 1415.0
1477950297.36, 1415.0
1477950297.41, 1415.0
1477950297.46, 1415.0
1477950297.51, 1415.0
1477950297.57, 1415.0
1477950297.62, 1415.0
1477950297.67, 1415.0
1477950297.72, 1415.0
1477950297.79, 1415.0
1477950297.84, 1415.0
1477950297.89, 1415.0
1477950297.94, 1415.0
1477950297.99, 1415.0
1477950298.05, 1415.0
1477950298.1, 1415.0
1477950298.15, 1415.0
1477950298.21, 1415.0
1477950298.26, 1415.0
1477950298.31, 1415.0
1477950298.36, 1415.0
1477950298.42, 1415.0
1477950298.47, 1415.0
1477950298.52, 1415.0
1477950298.57, 1415.0
1477950298.63, 1415.0
1477950298.69, 1415.0
1477950298.74, 1415.0
1477950298.79, 1415.0
1477950298.84, 1415.0
1477950298.89, 1415.0
1477950298.94, 1415.0
1477950298.99, 1415.0
1477950299.05, 1415.0
1477950299.1, 1416.0
1477950299.15, 1416.0
1477950299.2, 1416.0
1477950299.26, 1416.0
1477950299.31, 1416.0
1477950299.36, 1416.0
1477950299.41, 1416.0
1477950299.46, 1416.0
1477950299.51, 1416.0
1477950299.56, 1416.0
1477950299.61, 1416.0
1477950299.66, 1416.0
1477950299.71, 1416.0
1477950299.76, 1416.0
1477950299.81, 1416.0
1477950299.86, 1416.0
1477950299.92, 1416.0
1477950299.97, 1416.0
1477950300.03, 1416.0
1477950300.08, 1416.0
1477950300.13, 1416.0
1477950300.18, 1416.0
1477950300.23, 1416.0
1477950300.28, 1416.0
1477950300.33, 1416.0
1477950300.38, 1416.0
1477950300.43, 1416.0
1477950300.49, 1416.0
1477950300.54, 1416.0
1477950300.59, 1416.0
1477950300.65, 1416.0
1477950300.7, 1416.0
1477950300.75, 1416.0
1477950300.8, 1416.0
1477950300.85, 1416.0
1477950300.9, 1416.0
1477950300.95, 1416.0
1477950301.0, 1416.0
1477950301.05, 1416.0
1477950301.11, 1416.0
1477950301.16, 1416.0
1477950301.21, 1416.0
1477950301.26, 1416.0
1477950301.31, 1416.0
1477950301.36, 1416.0
1477950301.41, 1416.0
1477950301.46, 1416.0
1477950301.52, 1416.0
1477950301.57, 1416.0
1477950301.62, 1416.0
1477950301.67, 1416.0
1477950301.72, 1416.0
