1477950270.46, 2632924.0
1477950270.59, 2656620.0
1477950270.69, 2677354.0
1477950270.82, 2699602.0
1477950270.91, 2714412.0
1477950271.01, 2735146.0
1477950271.1, 2752918.0
1477950271.19, 2766280.0
1477950271.26, 2781090.0
1477950271.35, 2798862.0
1477950271.43, 2813672.0
1477950271.53, 2828482.0
1477950271.63, 2850730.0
1477950271.73, 2865540.0
1477950271.78, 2876006.0
1477950271.83, 2878968.0
1477950271.88, 2884892.0
1477950271.93, 2889434.0
1477950271.98, 2889434.0
1477950272.03, 2890948.0
1477950272.08, 2890948.0
1477950272.13, 2890948.0
1477950272.18, 2890948.0
1477950272.23, 2890948.0
1477950272.28, 2890948.0
1477950272.33, 2890948.0
1477950272.38, 2890948.0
1477950272.43, 2890948.0
1477950272.48, 2890948.0
1477950272.53, 2890948.0
1477950272.58, 2890948.0
1477950272.63, 2890948.0
1477950272.68, 2890948.0
1477950272.73, 2890948.0
1477950272.79, 2890948.0
1477950272.84, 2890948.0
1477950272.89, 2890948.0
1477950272.94, 2890948.0
1477950272.99, 2890948.0
1477950273.04, 2890948.0
1477950273.09, 2892462.0
1477950273.14, 2892462.0
1477950273.19, 2914776.0
1477950273.24, 2914776.0
1477950273.29, 2920832.0
1477950273.34, 2929916.0
1477950273.39, 2934458.0
1477950273.44, 2946570.0
1477950273.49, 2949598.0
1477950273.54, 2949598.0
1477950273.59, 2955654.0
1477950273.64, 2955654.0
1477950273.69, 2955654.0
1477950273.74, 2955654.0
1477950273.79, 2955654.0
1477950273.84, 2955654.0
1477950273.89, 2955654.0
1477950273.94, 2955654.0
1477950273.99, 2955654.0
1477950274.04, 2955654.0
1477950274.09, 2955654.0
1477950274.14, 2955654.0
1477950274.19, 2955654.0
1477950274.24, 2955654.0
1477950274.29, 2955654.0
1477950274.34, 2955654.0
1477950274.4, 2955654.0
1477950274.45, 2955654.0
1477950274.5, 2955654.0
1477950274.55, 2955654.0
1477950274.6, 2957168.0
1477950274.65, 2957168.0
1477950274.7, 2957168.0
1477950274.75, 2961710.0
1477950274.8, 2961710.0
1477950274.85, 2961710.0
1477950274.9, 2961710.0
1477950274.95, 2961710.0
1477950275.0, 2961710.0
1477950275.05, 2961710.0
1477950275.1, 2961710.0
1477950275.15, 2961710.0
1477950275.2, 2961710.0
1477950275.25, 2961710.0
1477950275.3, 2961710.0
1477950275.35, 2961710.0
1477950275.4, 2961710.0
1477950275.45, 2961710.0
1477950275.5, 2961710.0
1477950275.55, 2961710.0
1477950275.6, 2961710.0
1477950275.65, 2961710.0
1477950275.7, 2961710.0
1477950275.75, 2961710.0
1477950275.8, 2963224.0
1477950275.85, 2963224.0
1477950275.9, 2963224.0
1477950275.95, 2966252.0
1477950276.0, 2966252.0
1477950276.05, 2966252.0
1477950276.1, 2966252.0
1477950276.15, 2966252.0
1477950276.2, 2966252.0
1477950276.25, 2966252.0
1477950276.31, 2966252.0
1477950276.36, 2966252.0
1477950276.41, 2966252.0
1477950276.46, 2966252.0
1477950276.51, 2966252.0
1477950276.56, 2966252.0
1477950276.61, 2966252.0
1477950276.66, 2966252.0
1477950276.71, 2966252.0
1477950276.76, 2966252.0
1477950276.81, 2966252.0
1477950276.86, 2966252.0
1477950276.91, 2966252.0
1477950276.96, 2966252.0
1477950277.01, 2967766.0
1477950277.06, 2967766.0
1477950277.11, 2970794.0
1477950277.16, 2970794.0
1477950277.21, 2970794.0
1477950277.26, 2970794.0
1477950277.31, 2970794.0
1477950277.36, 2970794.0
1477950277.41, 2970794.0
1477950277.46, 2970794.0
1477950277.51, 2970794.0
1477950277.56, 2970794.0
1477950277.61, 2970794.0
1477950277.66, 2970794.0
1477950277.71, 2970794.0
1477950277.76, 2970794.0
1477950277.81, 2970794.0
1477950277.86, 2970794.0
1477950277.91, 2970794.0
1477950277.97, 2970794.0
1477950278.02, 2970794.0
1477950278.07, 2970794.0
1477950278.12, 2970794.0
1477950278.17, 2972308.0
1477950278.22, 2972308.0
1477950278.27, 2972308.0
1477950278.32, 2975336.0
1477950278.37, 2975336.0
1477950278.42, 2975336.0
1477950278.47, 2975336.0
1477950278.52, 2975336.0
1477950278.57, 2975336.0
1477950278.62, 2975336.0
1477950278.67, 2975336.0
1477950278.72, 2975336.0
1477950278.77, 2975336.0
1477950278.82, 2975336.0
1477950278.87, 2975336.0
1477950278.92, 2975336.0
1477950278.97, 2975336.0
1477950279.02, 2975336.0
1477950279.07, 2975336.0
1477950279.12, 2975336.0
1477950279.17, 2975336.0
1477950279.22, 2975336.0
1477950279.27, 2975336.0
1477950279.32, 2975336.0
1477950279.37, 2976850.0
1477950279.42, 2976850.0
1477950279.47, 2979878.0
1477950279.52, 2979878.0
1477950279.57, 2979878.0
1477950279.62, 2979878.0
1477950279.67, 2979878.0
1477950279.73, 2979878.0
1477950279.78, 2979878.0
1477950279.83, 2979878.0
1477950279.88, 2979878.0
1477950279.93, 2979878.0
1477950279.98, 2979878.0
1477950280.03, 2979878.0
1477950280.08, 2979878.0
1477950280.13, 2979878.0
1477950280.18, 2979878.0
1477950280.23, 2979878.0
1477950280.28, 2979878.0
1477950280.33, 2979878.0
1477950280.38, 2979878.0
1477950280.43, 2979878.0
1477950280.48, 2979878.0
1477950280.53, 2981392.0
1477950280.58, 2981392.0
1477950280.63, 2981392.0
1477950280.68, 2984420.0
1477950280.73, 2984420.0
1477950280.78, 2984420.0
1477950280.83, 2984420.0
1477950280.88, 2984420.0
1477950280.93, 2984420.0
1477950280.98, 2984420.0
1477950281.03, 2984420.0
1477950281.08, 2984420.0
1477950281.13, 2984420.0
1477950281.18, 2984420.0
1477950281.24, 2984420.0
1477950281.29, 2984420.0
1477950281.34, 2984420.0
1477950281.39, 2984420.0
1477950281.44, 2984420.0
1477950281.49, 2984420.0
1477950281.54, 2984420.0
1477950281.59, 2984420.0
1477950281.64, 2984420.0
1477950281.69, 2984420.0
1477950281.74, 2985934.0
1477950281.79, 2985934.0
1477950281.84, 2985934.0
1477950281.89, 2985934.0
1477950281.94, 2985934.0
1477950281.99, 2985934.0
1477950282.04, 2985934.0
1477950282.09, 2985934.0
1477950282.14, 2985934.0
1477950282.19, 2985934.0
1477950282.24, 2985934.0
1477950282.29, 2985934.0
1477950282.34, 2985934.0
1477950282.39, 2985934.0
1477950282.44, 2985934.0
1477950282.49, 2985934.0
1477950282.55, 2985934.0
1477950282.6, 2985934.0
1477950282.65, 2985934.0
1477950282.7, 2985934.0
1477950282.75, 2985934.0
1477950282.8, 2985934.0
1477950282.85, 2985934.0
1477950282.9, 2985934.0
1477950282.95, 2985934.0
1477950283.0, 2985934.0
1477950283.05, 2985934.0
1477950283.1, 2985934.0
1477950283.15, 2985934.0
1477950283.2, 2985934.0
1477950283.25, 2985934.0
1477950283.3, 2985976.0
1477950283.35, 2985976.0
1477950283.4, 2985976.0
1477950283.45, 2985976.0
1477950283.5, 2985976.0
1477950283.55, 2985976.0
1477950283.6, 2985976.0
1477950283.65, 2985976.0
1477950283.7, 2985976.0
1477950283.75, 2985976.0
1477950283.8, 2987490.0
1477950283.85, 2987490.0
1477950283.9, 2987490.0
1477950283.95, 2990518.0
1477950284.01, 2990518.0
1477950284.06, 2990518.0
1477950284.11, 2990518.0
1477950284.16, 2990518.0
1477950284.21, 2990518.0
1477950284.26, 2990518.0
1477950284.31, 2990560.0
1477950284.36, 2990560.0
1477950284.41, 2990560.0
1477950284.46, 2990560.0
1477950284.51, 2990560.0
1477950284.56, 2990560.0
1477950284.61, 2990560.0
1477950284.66, 2990560.0
1477950284.71, 2990560.0
1477950284.76, 2990560.0
1477950284.81, 2990560.0
1477950284.86, 2990560.0
1477950284.91, 2990560.0
1477950284.96, 2990560.0
1477950285.01, 2992074.0
1477950285.06, 2992074.0
1477950285.11, 2992074.0
1477950285.16, 2992074.0
1477950285.21, 2992074.0
1477950285.26, 2992074.0
1477950285.31, 2992116.0
1477950285.36, 2992116.0
1477950285.41, 2992116.0
1477950285.46, 2992116.0
1477950285.51, 2992116.0
1477950285.56, 2992116.0
1477950285.61, 2992116.0
1477950285.67, 2992116.0
1477950285.72, 2992116.0
1477950285.77, 2992116.0
1477950285.82, 2992116.0
1477950285.87, 2992116.0
1477950285.92, 2992116.0
1477950285.97, 2992116.0
1477950286.02, 2992116.0
1477950286.07, 2992116.0
1477950286.12, 2992116.0
1477950286.17, 2992116.0
1477950286.22, 2992116.0
1477950286.27, 2992116.0
1477950286.32, 2992116.0
1477950286.37, 2992116.0
1477950286.42, 2992116.0
1477950286.47, 2992116.0
1477950286.52, 2992116.0
1477950286.57, 2992116.0
1477950286.64, 2992116.0
1477950286.69, 2992116.0
1477950286.74, 2992116.0
1477950286.79, 2992116.0
1477950286.84, 2992116.0
1477950286.89, 2992116.0
1477950286.94, 2992116.0
1477950286.99, 2992116.0
1477950287.04, 2992116.0
1477950287.09, 2993630.0
1477950287.14, 2993630.0
1477950287.19, 2996658.0
1477950287.24, 2996658.0
1477950287.29, 2996658.0
1477950287.34, 2996658.0
1477950287.39, 2996658.0
1477950287.44, 2996658.0
1477950287.49, 2996658.0
1477950287.54, 2996658.0
1477950287.59, 2996658.0
1477950287.64, 2996658.0
1477950287.69, 2996658.0
1477950287.75, 2996658.0
1477950287.8, 2996658.0
1477950287.85, 2996658.0
1477950287.9, 2996658.0
1477950287.95, 2996658.0
1477950288.0, 2996658.0
1477950288.05, 2996658.0
1477950288.1, 2996658.0
1477950288.15, 2996658.0
1477950288.2, 2996658.0
1477950288.25, 2998172.0
1477950288.3, 2998172.0
1477950288.35, 3001200.0
1477950288.4, 3001200.0
1477950288.45, 3001200.0
1477950288.5, 3001200.0
1477950288.55, 3001200.0
1477950288.6, 3001200.0
1477950288.65, 3001200.0
1477950288.7, 3001200.0
1477950288.75, 3001200.0
1477950288.8, 3001200.0
1477950288.86, 3001200.0
1477950288.91, 3001200.0
1477950288.96, 3001200.0
1477950289.01, 3001200.0
1477950289.06, 3001200.0
1477950289.11, 3001200.0
1477950289.16, 3001200.0
1477950289.21, 3001200.0
1477950289.26, 3001200.0
1477950289.31, 3001200.0
1477950289.36, 3001200.0
1477950289.41, 3002714.0
1477950289.46, 3002714.0
1477950289.51, 3002714.0
1477950289.56, 3002714.0
1477950289.61, 3002714.0
1477950289.66, 3002714.0
1477950289.71, 3002714.0
1477950289.77, 3002714.0
1477950289.82, 3002714.0
1477950289.87, 3002714.0
1477950289.92, 3002714.0
1477950289.97, 3002714.0
1477950290.02, 3002714.0
1477950290.07, 3002714.0
1477950290.12, 3002714.0
1477950290.18, 3002714.0
1477950290.23, 3002714.0
1477950290.28, 3002714.0
1477950290.33, 3002714.0
1477950290.38, 3002714.0
1477950290.43, 3002714.0
1477950290.48, 3002714.0
1477950290.54, 3002714.0
1477950290.59, 3002714.0
1477950290.65, 3002714.0
1477950290.7, 3002714.0
1477950290.75, 3002714.0
1477950290.8, 3002714.0
1477950290.85, 3002714.0
1477950290.9, 3002714.0
1477950290.95, 3002714.0
1477950291.0, 3002714.0
1477950291.05, 3002714.0
1477950291.11, 3002714.0
1477950291.16, 3002714.0
1477950291.21, 3002714.0
1477950291.26, 3002714.0
1477950291.31, 3002714.0
1477950291.36, 3002714.0
1477950291.41, 3002714.0
1477950291.46, 3002714.0
1477950291.51, 3004228.0
1477950291.56, 3004228.0
1477950291.61, 3004228.0
1477950291.66, 3004228.0
1477950291.71, 3004228.0
1477950291.76, 3004228.0
1477950291.82, 3004228.0
1477950291.87, 3004228.0
1477950291.92, 3004228.0
1477950291.97, 3004228.0
1477950292.03, 3004228.0
1477950292.1, 3004228.0
1477950292.15, 3004228.0
1477950292.2, 3004228.0
1477950292.25, 3004228.0
1477950292.3, 3004228.0
1477950292.35, 3004228.0
1477950292.4, 3004228.0
1477950292.45, 3004228.0
1477950292.5, 3004228.0
1477950292.55, 3004228.0
1477950292.6, 3004228.0
1477950292.66, 3004228.0
1477950292.71, 3004228.0
1477950292.76, 3004228.0
1477950292.81, 3004228.0
1477950292.86, 3004228.0
1477950292.91, 3004228.0
1477950292.96, 3004228.0
1477950293.01, 3004228.0
1477950293.06, 3004228.0
1477950293.12, 3004228.0
1477950293.17, 3004228.0
1477950293.22, 3004228.0
1477950293.27, 3004228.0
1477950293.32, 3004228.0
1477950293.37, 3004228.0
1477950293.42, 3004228.0
1477950293.47, 3004228.0
1477950293.52, 3004228.0
1477950293.57, 3004228.0
1477950293.62, 3004228.0
1477950293.67, 3004228.0
1477950293.72, 3004228.0
1477950293.77, 3004228.0
1477950293.82, 3004228.0
1477950293.87, 3004228.0
1477950293.92, 3004228.0
1477950293.97, 3004228.0
1477950294.02, 3004228.0
1477950294.07, 3004228.0
1477950294.13, 3004228.0
1477950294.18, 3004228.0
1477950294.23, 3004228.0
1477950294.28, 3004228.0
1477950294.33, 3004228.0
1477950294.38, 3004228.0
1477950294.43, 3004228.0
1477950294.48, 3004228.0
1477950294.53, 3004228.0
1477950294.58, 3004228.0
1477950294.63, 3004228.0
1477950294.68, 3004228.0
1477950294.73, 3004228.0
1477950294.78, 3004228.0
1477950294.83, 3004228.0
1477950294.88, 3004228.0
1477950294.93, 3004228.0
1477950294.98, 3004228.0
1477950295.03, 3004228.0
1477950295.08, 3004228.0
1477950295.13, 3004228.0
1477950295.18, 3004228.0
1477950295.23, 3004228.0
1477950295.28, 3004228.0
1477950295.33, 3004228.0
1477950295.39, 3004228.0
1477950295.44, 3004228.0
1477950295.49, 3004228.0
1477950295.54, 3004228.0
1477950295.59, 3004228.0
1477950295.64, 3004228.0
1477950295.69, 3005742.0
1477950295.74, 3005742.0
1477950295.79, 3005742.0
1477950295.84, 3008770.0
1477950295.89, 3008770.0
1477950295.94, 3008770.0
1477950295.99, 3008770.0
1477950296.05, 3008770.0
1477950296.1, 3008770.0
1477950296.15, 3008770.0
1477950296.2, 3008770.0
1477950296.25, 3008770.0
1477950296.3, 3008770.0
1477950296.35, 3008770.0
1477950296.4, 3008770.0
1477950296.45, 3008770.0
1477950296.5, 3008770.0
1477950296.55, 3008770.0
1477950296.6, 3008770.0
1477950296.65, 3008770.0
1477950296.7, 3008770.0
1477950296.75, 3008770.0
1477950296.8, 3008770.0
1477950296.85, 3010284.0
1477950296.9, 3010284.0
1477950296.95, 3010284.0
1477950297.0, 3010284.0
1477950297.05, 3010284.0
1477950297.1, 3010284.0
1477950297.15, 3010284.0
1477950297.2, 3010284.0
1477950297.25, 3010284.0
1477950297.31, 3010284.0
1477950297.36, 3010284.0
1477950297.41, 3010284.0
1477950297.46, 3010284.0
1477950297.51, 3010284.0
1477950297.57, 3010284.0
1477950297.62, 3010284.0
1477950297.67, 3010284.0
1477950297.72, 3010284.0
1477950297.79, 3010284.0
1477950297.84, 3010284.0
1477950297.89, 3010284.0
1477950297.94, 3010284.0
1477950297.99, 3010284.0
1477950298.05, 3010284.0
1477950298.1, 3010284.0
1477950298.15, 3010284.0
1477950298.21, 3010284.0
1477950298.26, 3010284.0
1477950298.31, 3010284.0
1477950298.36, 3010284.0
1477950298.42, 3010284.0
1477950298.47, 3010284.0
1477950298.52, 3010284.0
1477950298.57, 3010284.0
1477950298.63, 3010284.0
1477950298.69, 3010284.0
1477950298.74, 3010284.0
1477950298.79, 3010284.0
1477950298.84, 3010284.0
1477950298.89, 3010284.0
1477950298.94, 3011798.0
1477950298.99, 3011798.0
1477950299.05, 3011798.0
1477950299.1, 3014826.0
1477950299.15, 3014826.0
1477950299.2, 3014826.0
1477950299.26, 3014826.0
1477950299.31, 3014826.0
1477950299.36, 3014826.0
1477950299.41, 3014826.0
1477950299.46, 3014826.0
1477950299.51, 3014826.0
1477950299.56, 3014826.0
1477950299.61, 3014826.0
1477950299.66, 3014826.0
1477950299.71, 3014826.0
1477950299.76, 3014826.0
1477950299.81, 3014826.0
1477950299.86, 3014826.0
1477950299.92, 3014826.0
1477950299.97, 3014826.0
1477950300.03, 3014826.0
1477950300.08, 3014826.0
1477950300.13, 3016340.0
1477950300.18, 3016340.0
1477950300.23, 3016340.0
1477950300.28, 3016340.0
1477950300.33, 3016340.0
1477950300.38, 3016340.0
1477950300.43, 3016340.0
1477950300.49, 3016340.0
1477950300.54, 3016340.0
1477950300.59, 3016340.0
1477950300.65, 3016340.0
1477950300.7, 3016340.0
1477950300.75, 3016340.0
1477950300.8, 3016340.0
1477950300.85, 3016340.0
1477950300.9, 3016340.0
1477950300.95, 3016340.0
1477950301.0, 3016340.0
1477950301.05, 3016340.0
1477950301.11, 3016340.0
1477950301.16, 3016340.0
1477950301.21, 3016340.0
1477950301.26, 3016340.0
1477950301.31, 3016340.0
1477950301.36, 3016340.0
1477950301.41, 3016340.0
1477950301.46, 3016340.0
1477950301.52, 3016340.0
1477950301.57, 3016340.0
1477950301.62, 3016340.0
1477950301.67, 3016340.0
1477950301.72, 3016340.0
