1477950270.46, 2422070.0
1477950270.59, 2447280.0
1477950270.69, 2465052.0
1477950270.82, 2488748.0
1477950270.91, 2506520.0
1477950271.01, 2522844.0
1477950271.1, 2540616.0
1477950271.19, 2555426.0
1477950271.26, 2570236.0
1477950271.35, 2586560.0
1477950271.43, 2601573.0
1477950271.53, 2619345.0
1477950271.63, 2640205.0
1477950271.73, 2656900.0
1477950271.78, 2665870.0
1477950271.83, 2671794.0
1477950271.88, 2674756.0
1477950271.93, 2676396.0
1477950271.98, 2676480.0
1477950272.03, 2678036.0
1477950272.08, 2678204.0
1477950272.13, 2678246.0
1477950272.18, 2678330.0
1477950272.23, 2678456.0
1477950272.28, 2678456.0
1477950272.33, 2678498.0
1477950272.38, 2678624.0
1477950272.43, 2678708.0
1477950272.48, 2678750.0
1477950272.53, 2678834.0
1477950272.58, 2678876.0
1477950272.63, 2679002.0
1477950272.68, 2679086.0
1477950272.73, 2679128.0
1477950272.79, 2679212.0
1477950272.84, 2679254.0
1477950272.89, 2679380.0
1477950272.94, 2679422.0
1477950272.99, 2679464.0
1477950273.04, 2679632.0
1477950273.09, 2679674.0
1477950273.14, 2679758.0
1477950273.19, 2681398.0
1477950273.24, 2681398.0
1477950273.29, 2688836.0
1477950273.34, 2696274.0
1477950273.39, 2696274.0
1477950273.44, 2700900.0
1477950273.49, 2703928.0
1477950273.54, 2703928.0
1477950273.59, 2710026.0
1477950273.64, 2710026.0
1477950273.69, 2710026.0
1477950273.74, 2710026.0
1477950273.79, 2710026.0
1477950273.84, 2710068.0
1477950273.89, 2710068.0
1477950273.94, 2710068.0
1477950273.99, 2710068.0
1477950274.04, 2710068.0
1477950274.09, 2710068.0
1477950274.14, 2710068.0
1477950274.19, 2710068.0
1477950274.24, 2710068.0
1477950274.29, 2710068.0
1477950274.34, 2710068.0
1477950274.4, 2710068.0
1477950274.45, 2710068.0
1477950274.5, 2710068.0
1477950274.55, 2710068.0
1477950274.6, 2710068.0
1477950274.65, 2710068.0
1477950274.7, 2710068.0
1477950274.75, 2711582.0
1477950274.8, 2711582.0
1477950274.85, 2711582.0
1477950274.9, 2711582.0
1477950274.95, 2711582.0
1477950275.0, 2711582.0
1477950275.05, 2711582.0
1477950275.1, 2711582.0
1477950275.15, 2711582.0
1477950275.2, 2711582.0
1477950275.25, 2711582.0
1477950275.3, 2711582.0
1477950275.35, 2711582.0
1477950275.4, 2711582.0
1477950275.45, 2711582.0
1477950275.5, 2711582.0
1477950275.55, 2711582.0
1477950275.6, 2711582.0
1477950275.65, 2711582.0
1477950275.7, 2711582.0
1477950275.75, 2711582.0
1477950275.8, 2711582.0
1477950275.85, 2711582.0
1477950275.9, 2711582.0
1477950275.95, 2713096.0
1477950276.0, 2713096.0
1477950276.05, 2713096.0
1477950276.1, 2713096.0
1477950276.15, 2713096.0
1477950276.2, 2713096.0
1477950276.25, 2713096.0
1477950276.31, 2713096.0
1477950276.36, 2713096.0
1477950276.41, 2713096.0
1477950276.46, 2713096.0
1477950276.51, 2713096.0
1477950276.56, 2713096.0
1477950276.61, 2713096.0
1477950276.66, 2713096.0
1477950276.71, 2713096.0
1477950276.76, 2713096.0
1477950276.81, 2713096.0
1477950276.86, 2713096.0
1477950276.91, 2713096.0
1477950276.96, 2713096.0
1477950277.01, 2713096.0
1477950277.06, 2713096.0
1477950277.11, 2714610.0
1477950277.16, 2714610.0
1477950277.21, 2714610.0
1477950277.26, 2714610.0
1477950277.31, 2714610.0
1477950277.36, 2714610.0
1477950277.41, 2714610.0
1477950277.46, 2714610.0
1477950277.51, 2714610.0
1477950277.56, 2714610.0
1477950277.61, 2714610.0
1477950277.66, 2714610.0
1477950277.71, 2714610.0
1477950277.76, 2714610.0
1477950277.81, 2714610.0
1477950277.86, 2714610.0
1477950277.91, 2714610.0
1477950277.97, 2714610.0
1477950278.02, 2714610.0
1477950278.07, 2714610.0
1477950278.12, 2714610.0
1477950278.17, 2714610.0
1477950278.22, 2714610.0
1477950278.27, 2714610.0
1477950278.32, 2716124.0
1477950278.37, 2716124.0
1477950278.42, 2716124.0
1477950278.47, 2716124.0
1477950278.52, 2716124.0
1477950278.57, 2716124.0
1477950278.62, 2716124.0
1477950278.67, 2716124.0
1477950278.72, 2716124.0
1477950278.77, 2716124.0
1477950278.82, 2716124.0
1477950278.87, 2716124.0
1477950278.92, 2716124.0
1477950278.97, 2716124.0
1477950279.02, 2716124.0
1477950279.07, 2716124.0
1477950279.12, 2716124.0
1477950279.17, 2716124.0
1477950279.22, 2716124.0
1477950279.27, 2716124.0
1477950279.32, 2716124.0
1477950279.37, 2716124.0
1477950279.42, 2716124.0
1477950279.47, 2717638.0
1477950279.52, 2717638.0
1477950279.57, 2717638.0
1477950279.62, 2717638.0
1477950279.67, 2717638.0
1477950279.73, 2717638.0
1477950279.78, 2717638.0
1477950279.83, 2717638.0
1477950279.88, 2717638.0
1477950279.93, 2717638.0
1477950279.98, 2717638.0
1477950280.03, 2717638.0
1477950280.08, 2717638.0
1477950280.13, 2717638.0
1477950280.18, 2717638.0
1477950280.23, 2717638.0
1477950280.28, 2717638.0
1477950280.33, 2717638.0
1477950280.38, 2717638.0
1477950280.43, 2717638.0
1477950280.48, 2717638.0
1477950280.53, 2717638.0
1477950280.58, 2717638.0
1477950280.63, 2717638.0
1477950280.68, 2719152.0
1477950280.73, 2719152.0
1477950280.78, 2719152.0
1477950280.83, 2719152.0
1477950280.88, 2719152.0
1477950280.93, 2719152.0
1477950280.98, 2719152.0
1477950281.03, 2719152.0
1477950281.08, 2719152.0
1477950281.13, 2719152.0
1477950281.18, 2719152.0
1477950281.24, 2719152.0
1477950281.29, 2719152.0
1477950281.34, 2719152.0
1477950281.39, 2719152.0
1477950281.44, 2719152.0
1477950281.49, 2719152.0
1477950281.54, 2719152.0
1477950281.59, 2719152.0
1477950281.64, 2719152.0
1477950281.69, 2719152.0
1477950281.74, 2719152.0
1477950281.79, 2719152.0
1477950281.84, 2719152.0
1477950281.89, 2719152.0
1477950281.94, 2719152.0
1477950281.99, 2719152.0
1477950282.04, 2719152.0
1477950282.09, 2719152.0
1477950282.14, 2719152.0
1477950282.19, 2719152.0
1477950282.24, 2719152.0
1477950282.29, 2719152.0
1477950282.34, 2719152.0
1477950282.39, 2719152.0
1477950282.44, 2719152.0
1477950282.49, 2719152.0
1477950282.55, 2719152.0
1477950282.6, 2719152.0
1477950282.65, 2719152.0
1477950282.7, 2719152.0
1477950282.75, 2719152.0
1477950282.8, 2719152.0
1477950282.85, 2719152.0
1477950282.9, 2719152.0
1477950282.95, 2719152.0
1477950283.0, 2719152.0
1477950283.05, 2719152.0
1477950283.1, 2719152.0
1477950283.15, 2719152.0
1477950283.2, 2719152.0
1477950283.25, 2719152.0
1477950283.3, 2719152.0
1477950283.35, 2719152.0
1477950283.4, 2719152.0
1477950283.45, 2719152.0
1477950283.5, 2719152.0
1477950283.55, 2719152.0
1477950283.6, 2719152.0
1477950283.65, 2719152.0
1477950283.7, 2719152.0
1477950283.75, 2719152.0
1477950283.8, 2719152.0
1477950283.85, 2719152.0
1477950283.9, 2719152.0
1477950283.95, 2720666.0
1477950284.01, 2720666.0
1477950284.06, 2720666.0
1477950284.11, 2720666.0
1477950284.16, 2720666.0
1477950284.21, 2720666.0
1477950284.26, 2720666.0
1477950284.31, 2720666.0
1477950284.36, 2720666.0
1477950284.41, 2720666.0
1477950284.46, 2720666.0
1477950284.51, 2720666.0
1477950284.56, 2720666.0
1477950284.61, 2720666.0
1477950284.66, 2720666.0
1477950284.71, 2720666.0
1477950284.76, 2720666.0
1477950284.81, 2720666.0
1477950284.86, 2720666.0
1477950284.91, 2720666.0
1477950284.96, 2720666.0
1477950285.01, 2720666.0
1477950285.06, 2720666.0
1477950285.11, 2720666.0
1477950285.16, 2720666.0
1477950285.21, 2720666.0
1477950285.26, 2720666.0
1477950285.31, 2720666.0
1477950285.36, 2720666.0
1477950285.41, 2720666.0
1477950285.46, 2720708.0
1477950285.51, 2720708.0
1477950285.56, 2720708.0
1477950285.61, 2720708.0
1477950285.67, 2720708.0
1477950285.72, 2720708.0
1477950285.77, 2720708.0
1477950285.82, 2720708.0
1477950285.87, 2720708.0
1477950285.92, 2720708.0
1477950285.97, 2720708.0
1477950286.02, 2720708.0
1477950286.07, 2720708.0
1477950286.12, 2720708.0
1477950286.17, 2720708.0
1477950286.22, 2720708.0
1477950286.27, 2720708.0
1477950286.32, 2720708.0
1477950286.37, 2720708.0
1477950286.42, 2720708.0
1477950286.47, 2720708.0
1477950286.52, 2720708.0
1477950286.57, 2720708.0
1477950286.64, 2720750.0
1477950286.69, 2720750.0
1477950286.74, 2720750.0
1477950286.79, 2720750.0
1477950286.84, 2720750.0
1477950286.89, 2720750.0
1477950286.94, 2720750.0
1477950286.99, 2720750.0
1477950287.04, 2720750.0
1477950287.09, 2720750.0
1477950287.14, 2720750.0
1477950287.19, 2722264.0
1477950287.24, 2722264.0
1477950287.29, 2722264.0
1477950287.34, 2722264.0
1477950287.39, 2722467.0
1477950287.44, 2722467.0
1477950287.49, 2722467.0
1477950287.54, 2722467.0
1477950287.59, 2722467.0
1477950287.64, 2722467.0
1477950287.69, 2722467.0
1477950287.75, 2722467.0
1477950287.8, 2722467.0
1477950287.85, 2722467.0
1477950287.9, 2722467.0
1477950287.95, 2722670.0
1477950288.0, 2722670.0
1477950288.05, 2722670.0
1477950288.1, 2722670.0
1477950288.15, 2722670.0
1477950288.2, 2722670.0
1477950288.25, 2722670.0
1477950288.3, 2722670.0
1477950288.35, 2724184.0
1477950288.4, 2724184.0
1477950288.45, 2724184.0
1477950288.5, 2724184.0
1477950288.55, 2724184.0
1477950288.6, 2724184.0
1477950288.65, 2724184.0
1477950288.7, 2724184.0
1477950288.75, 2724184.0
1477950288.8, 2724184.0
1477950288.86, 2724184.0
1477950288.91, 2724184.0
1477950288.96, 2724184.0
1477950289.01, 2724184.0
1477950289.06, 2724184.0
1477950289.11, 2724184.0
1477950289.16, 2724184.0
1477950289.21, 2724184.0
1477950289.26, 2724184.0
1477950289.31, 2724184.0
1477950289.36, 2724184.0
1477950289.41, 2724184.0
1477950289.46, 2724184.0
1477950289.51, 2724184.0
1477950289.56, 2724184.0
1477950289.61, 2724184.0
1477950289.66, 2724184.0
1477950289.71, 2724184.0
1477950289.77, 2724184.0
1477950289.82, 2724184.0
1477950289.87, 2724184.0
1477950289.92, 2724184.0
1477950289.97, 2724184.0
1477950290.02, 2724184.0
1477950290.07, 2724184.0
1477950290.12, 2724184.0
1477950290.18, 2724184.0
1477950290.23, 2724184.0
1477950290.28, 2724184.0
1477950290.33, 2724184.0
1477950290.38, 2724184.0
1477950290.43, 2724184.0
1477950290.48, 2724184.0
1477950290.54, 2724184.0
1477950290.59, 2724184.0
1477950290.65, 2724184.0
1477950290.7, 2724184.0
1477950290.75, 2724184.0
1477950290.8, 2724184.0
1477950290.85, 2724184.0
1477950290.9, 2724184.0
1477950290.95, 2724184.0
1477950291.0, 2724184.0
1477950291.05, 2724184.0
1477950291.11, 2724184.0
1477950291.16, 2724184.0
1477950291.21, 2724184.0
1477950291.26, 2724184.0
1477950291.31, 2724184.0
1477950291.36, 2724184.0
1477950291.41, 2724184.0
1477950291.46, 2724184.0
1477950291.51, 2724184.0
1477950291.56, 2724184.0
1477950291.61, 2724184.0
1477950291.66, 2724184.0
1477950291.71, 2724184.0
1477950291.76, 2724184.0
1477950291.82, 2724184.0
1477950291.87, 2724184.0
1477950291.92, 2724184.0
1477950291.97, 2724184.0
1477950292.03, 2724184.0
1477950292.1, 2724184.0
1477950292.15, 2724184.0
1477950292.2, 2724184.0
1477950292.25, 2724184.0
1477950292.3, 2724184.0
1477950292.35, 2724184.0
1477950292.4, 2724184.0
1477950292.45, 2724184.0
1477950292.5, 2724184.0
1477950292.55, 2724184.0
1477950292.6, 2724184.0
1477950292.66, 2724184.0
1477950292.71, 2724184.0
1477950292.76, 2724184.0
1477950292.81, 2724184.0
1477950292.86, 2724184.0
1477950292.91, 2724184.0
1477950292.96, 2724184.0
1477950293.01, 2724184.0
1477950293.06, 2724184.0
1477950293.12, 2724184.0
1477950293.17, 2724184.0
1477950293.22, 2724184.0
1477950293.27, 2724184.0
1477950293.32, 2724184.0
1477950293.37, 2724184.0
1477950293.42, 2724184.0
1477950293.47, 2724184.0
1477950293.52, 2724184.0
1477950293.57, 2724184.0
1477950293.62, 2724184.0
1477950293.67, 2724184.0
1477950293.72, 2724184.0
1477950293.77, 2724184.0
1477950293.82, 2724184.0
1477950293.87, 2724184.0
1477950293.92, 2724184.0
1477950293.97, 2724184.0
1477950294.02, 2724184.0
1477950294.07, 2724184.0
1477950294.13, 2724184.0
1477950294.18, 2724184.0
1477950294.23, 2724184.0
1477950294.28, 2724184.0
1477950294.33, 2724184.0
1477950294.38, 2724184.0
1477950294.43, 2724184.0
1477950294.48, 2724184.0
1477950294.53, 2724184.0
1477950294.58, 2724184.0
1477950294.63, 2724184.0
1477950294.68, 2724184.0
1477950294.73, 2724184.0
1477950294.78, 2724184.0
1477950294.83, 2724184.0
1477950294.88, 2724184.0
1477950294.93, 2724184.0
1477950294.98, 2724184.0
1477950295.03, 2724184.0
1477950295.08, 2724184.0
1477950295.13, 2724184.0
1477950295.18, 2724184.0
1477950295.23, 2724184.0
1477950295.28, 2724184.0
1477950295.33, 2724184.0
1477950295.39, 2724184.0
1477950295.44, 2724184.0
1477950295.49, 2724184.0
1477950295.54, 2724184.0
1477950295.59, 2724184.0
1477950295.64, 2724184.0
1477950295.69, 2724184.0
1477950295.74, 2724184.0
1477950295.79, 2725698.0
1477950295.84, 2725698.0
1477950295.89, 2725698.0
1477950295.94, 2725698.0
1477950295.99, 2725698.0
1477950296.05, 2725698.0
1477950296.1, 2725698.0
1477950296.15, 2725698.0
1477950296.2, 2725698.0
1477950296.25, 2725698.0
1477950296.3, 2725698.0
1477950296.35, 2725698.0
1477950296.4, 2725698.0
1477950296.45, 2725698.0
1477950296.5, 2725698.0
1477950296.55, 2725698.0
1477950296.6, 2725698.0
1477950296.65, 2725698.0
1477950296.7, 2725698.0
1477950296.75, 2725698.0
1477950296.8, 2725698.0
1477950296.85, 2725698.0
1477950296.9, 2725698.0
1477950296.95, 2725698.0
1477950297.0, 2725698.0
1477950297.05, 2725698.0
1477950297.1, 2725698.0
1477950297.15, 2725698.0
1477950297.2, 2725698.0
1477950297.25, 2725698.0
1477950297.31, 2725698.0
1477950297.36, 2725698.0
1477950297.41, 2725698.0
1477950297.46, 2725698.0
1477950297.51, 2725698.0
1477950297.57, 2725698.0
1477950297.62, 2725698.0
1477950297.67, 2725698.0
1477950297.72, 2725698.0
1477950297.79, 2725698.0
1477950297.84, 2725698.0
1477950297.89, 2725698.0
1477950297.94, 2725698.0
1477950297.99, 2725698.0
1477950298.05, 2725698.0
1477950298.1, 2725698.0
1477950298.15, 2725698.0
1477950298.21, 2725698.0
1477950298.26, 2725698.0
1477950298.31, 2725698.0
1477950298.36, 2725698.0
1477950298.42, 2725698.0
1477950298.47, 2725698.0
1477950298.52, 2725698.0
1477950298.57, 2725698.0
1477950298.63, 2725698.0
1477950298.69, 2725698.0
1477950298.74, 2725698.0
1477950298.79, 2725698.0
1477950298.84, 2725698.0
1477950298.89, 2725698.0
1477950298.94, 2725698.0
1477950298.99, 2725698.0
1477950299.05, 2725698.0
1477950299.1, 2727212.0
1477950299.15, 2727212.0
1477950299.2, 2727212.0
1477950299.26, 2727212.0
1477950299.31, 2727212.0
1477950299.36, 2727212.0
1477950299.41, 2727212.0
1477950299.46, 2727212.0
1477950299.51, 2727212.0
1477950299.56, 2727212.0
1477950299.61, 2727212.0
1477950299.66, 2727212.0
1477950299.71, 2727212.0
1477950299.76, 2727212.0
1477950299.81, 2727212.0
1477950299.86, 2727212.0
1477950299.92, 2727212.0
1477950299.97, 2727212.0
1477950300.03, 2727212.0
1477950300.08, 2727212.0
1477950300.13, 2727212.0
1477950300.18, 2727212.0
1477950300.23, 2727212.0
1477950300.28, 2727212.0
1477950300.33, 2727212.0
1477950300.38, 2727212.0
1477950300.43, 2727212.0
1477950300.49, 2727212.0
1477950300.54, 2727212.0
1477950300.59, 2727212.0
1477950300.65, 2727212.0
1477950300.7, 2727212.0
1477950300.75, 2727212.0
1477950300.8, 2727212.0
1477950300.85, 2727212.0
1477950300.9, 2727212.0
1477950300.95, 2727212.0
1477950301.0, 2727212.0
1477950301.05, 2727212.0
1477950301.11, 2727212.0
1477950301.16, 2727212.0
1477950301.21, 2727212.0
1477950301.26, 2727212.0
1477950301.31, 2727212.0
1477950301.36, 2727212.0
1477950301.41, 2727212.0
1477950301.46, 2727212.0
1477950301.52, 2727212.0
1477950301.57, 2727212.0
1477950301.62, 2727212.0
1477950301.67, 2727212.0
1477950301.72, 2727212.0
