1477950270.46, 23449.0
1477950270.59, 23449.0
1477950270.69, 23449.0
1477950270.82, 23449.0
1477950270.91, 23449.0
1477950271.01, 23449.0
1477950271.1, 23449.0
1477950271.19, 23449.0
1477950271.26, 23449.0
1477950271.35, 23449.0
1477950271.43, 23449.0
1477950271.53, 23449.0
1477950271.63, 23575.0
1477950271.73, 23946.0
1477950271.78, 24030.0
1477950271.83, 28476.0
1477950271.88, 32922.0
1477950271.93, 40458.0
1477950271.98, 49434.0
1477950272.03, 58368.0
1477950272.08, 67428.0
1477950272.13, 76362.0
1477950272.18, 86820.0
1477950272.23, 95838.0
1477950272.28, 104730.0
1477950272.33, 115146.0
1477950272.38, 124164.0
1477950272.43, 133140.0
1477950272.48, 142074.0
1477950272.53, 152532.0
1477950272.58, 161466.0
1477950272.63, 170484.0
1477950272.68, 180942.0
1477950272.73, 189876.0
1477950272.79, 198852.0
1477950272.84, 209268.0
1477950272.89, 218286.0
1477950272.94, 227220.0
1477950272.99, 237636.0
1477950273.04, 246696.0
1477950273.09, 255630.0
1477950273.14, 266088.0
1477950273.19, 273624.0
1477950273.24, 282516.0
1477950273.29, 286962.0
1477950273.34, 286962.0
1477950273.39, 295854.0
1477950273.44, 301866.0
1477950273.49, 307794.0
1477950273.54, 316686.0
1477950273.59, 319692.0
1477950273.64, 330066.0
1477950273.69, 338958.0
1477950273.74, 349332.0
1477950273.79, 358224.0
1477950273.84, 367158.0
1477950273.89, 377532.0
1477950273.94, 386424.0
1477950273.99, 395316.0
1477950274.04, 405690.0
1477950274.09, 414582.0
1477950274.14, 423474.0
1477950274.19, 433848.0
1477950274.24, 442740.0
1477950274.29, 451632.0
1477950274.34, 462006.0
1477950274.4, 470898.0
1477950274.45, 481272.0
1477950274.5, 490164.0
1477950274.55, 499056.0
1477950274.6, 509430.0
1477950274.65, 518322.0
1477950274.7, 527214.0
1477950274.75, 536106.0
1477950274.8, 544998.0
1477950274.85, 553890.0
1477950274.9, 564264.0
1477950274.95, 573156.0
1477950275.0, 582048.0
1477950275.05, 592422.0
1477950275.1, 601314.0
1477950275.15, 611688.0
1477950275.2, 620580.0
1477950275.25, 629472.0
1477950275.3, 639846.0
1477950275.35, 648738.0
1477950275.4, 657630.0
1477950275.45, 668004.0
1477950275.5, 676896.0
1477950275.55, 685788.0
1477950275.6, 696162.0
1477950275.65, 705054.0
1477950275.7, 713946.0
1477950275.75, 724320.0
1477950275.8, 733212.0
1477950275.85, 743586.0
1477950275.9, 752478.0
1477950275.95, 759888.0
1477950276.0, 770262.0
1477950276.05, 779154.0
1477950276.1, 788046.0
1477950276.15, 798420.0
1477950276.2, 807312.0
1477950276.25, 816204.0
1477950276.31, 826578.0
1477950276.36, 835470.0
1477950276.41, 845844.0
1477950276.46, 854736.0
1477950276.51, 863628.0
1477950276.56, 874002.0
1477950276.61, 882894.0
1477950276.66, 891786.0
1477950276.71, 902160.0
1477950276.76, 911052.0
1477950276.81, 919944.0
1477950276.86, 930318.0
1477950276.91, 939210.0
1477950276.96, 948102.0
1477950277.01, 958476.0
1477950277.06, 967368.0
1477950277.11, 976260.0
1477950277.16, 985152.0
1477950277.21, 994044.0
1477950277.26, 1004418.0
1477950277.31, 1013310.0
1477950277.36, 1022202.0
1477950277.41, 1032576.0
1477950277.46, 1041468.0
1477950277.51, 1050360.0
1477950277.56, 1060734.0
1477950277.61, 1069626.0
1477950277.66, 1080000.0
1477950277.71, 1088892.0
1477950277.76, 1097784.0
1477950277.81, 1108158.0
1477950277.86, 1117050.0
1477950277.91, 1125942.0
1477950277.97, 1136316.0
1477950278.02, 1145208.0
1477950278.07, 1154100.0
1477950278.12, 1164474.0
1477950278.17, 1173366.0
1477950278.22, 1183740.0
1477950278.27, 1192632.0
1477950278.32, 1200042.0
1477950278.37, 1210416.0
1477950278.42, 1219308.0
1477950278.47, 1228200.0
1477950278.52, 1238574.0
1477950278.57, 1247466.0
1477950278.62, 1256358.0
1477950278.67, 1266732.0
1477950278.72, 1275624.0
1477950278.77, 1285998.0
1477950278.82, 1294890.0
1477950278.87, 1303782.0
1477950278.92, 1314156.0
1477950278.97, 1323048.0
1477950279.02, 1331940.0
1477950279.07, 1342314.0
1477950279.12, 1351206.0
1477950279.17, 1361580.0
1477950279.22, 1370472.0
1477950279.27, 1379364.0
1477950279.32, 1389738.0
1477950279.37, 1398630.0
1477950279.42, 1407522.0
1477950279.47, 1416414.0
1477950279.52, 1425306.0
1477950279.57, 1434198.0
1477950279.62, 1444572.0
1477950279.67, 1453464.0
1477950279.73, 1463838.0
1477950279.78, 1472730.0
1477950279.83, 1481622.0
1477950279.88, 1491996.0
1477950279.93, 1500888.0
1477950279.98, 1509780.0
1477950280.03, 1520154.0
1477950280.08, 1529046.0
1477950280.13, 1537938.0
1477950280.18, 1548312.0
1477950280.23, 1557204.0
1477950280.28, 1566096.0
1477950280.33, 1576470.0
1477950280.38, 1585362.0
1477950280.43, 1595736.0
1477950280.48, 1604628.0
1477950280.53, 1613520.0
1477950280.58, 1623894.0
1477950280.63, 1632786.0
1477950280.68, 1640196.0
1477950280.73, 1650570.0
1477950280.78, 1659462.0
1477950280.83, 1668354.0
1477950280.88, 1678728.0
1477950280.93, 1687620.0
1477950280.98, 1697994.0
1477950281.03, 1706886.0
1477950281.08, 1715778.0
1477950281.13, 1726152.0
1477950281.18, 1735044.0
1477950281.24, 1743936.0
1477950281.29, 1754310.0
1477950281.34, 1763202.0
1477950281.39, 1773576.0
1477950281.44, 1782468.0
1477950281.49, 1791360.0
1477950281.54, 1801734.0
1477950281.59, 1810626.0
1477950281.64, 1819518.0
1477950281.69, 1829892.0
1477950281.74, 1838784.0
1477950281.79, 1847676.0
1477950281.84, 1858050.0
1477950281.89, 1866942.0
1477950281.94, 1875834.0
1477950281.99, 1886208.0
1477950282.04, 1895100.0
1477950282.09, 1905474.0
1477950282.14, 1914366.0
1477950282.19, 1923258.0
1477950282.24, 1933632.0
1477950282.29, 1942524.0
1477950282.34, 1952898.0
1477950282.39, 1961790.0
1477950282.44, 1970682.0
1477950282.49, 1981056.0
1477950282.55, 1989948.0
1477950282.6, 2000322.0
1477950282.65, 2009214.0
1477950282.7, 2018106.0
1477950282.75, 2028480.0
1477950282.8, 2037372.0
1477950282.85, 2046264.0
1477950282.9, 2056638.0
1477950282.95, 2065530.0
1477950283.0, 2074422.0
1477950283.05, 2084796.0
1477950283.1, 2093688.0
1477950283.15, 2104062.0
1477950283.2, 2112954.0
1477950283.25, 2121846.0
1477950283.3, 2132220.0
1477950283.35, 2141112.0
1477950283.4, 2151486.0
1477950283.45, 2160378.0
1477950283.5, 2169270.0
1477950283.55, 2179644.0
1477950283.6, 2188536.0
1477950283.65, 2197428.0
1477950283.7, 2207802.0
1477950283.75, 2216694.0
1477950283.8, 2225586.0
1477950283.85, 2235960.0
1477950283.9, 2244852.0
1477950283.95, 2252262.0
1477950284.01, 2262636.0
1477950284.06, 2271528.0
1477950284.11, 2281902.0
1477950284.16, 2290794.0
1477950284.21, 2299686.0
1477950284.26, 2310060.0
1477950284.31, 2318952.0
1477950284.36, 2327844.0
1477950284.41, 2338218.0
1477950284.46, 2347110.0
1477950284.51, 2357484.0
1477950284.56, 2366376.0
1477950284.61, 2375268.0
1477950284.66, 2385642.0
1477950284.71, 2394534.0
1477950284.76, 2403426.0
1477950284.81, 2413800.0
1477950284.86, 2422692.0
1477950284.91, 2431787.0
1477950284.96, 2442161.0
1477950285.01, 2451053.0
1477950285.06, 2461427.0
1477950285.11, 2470319.0
1477950285.16, 2479211.0
1477950285.21, 2489585.0
1477950285.26, 2498477.0
1477950285.31, 2507369.0
1477950285.36, 2517743.0
1477950285.41, 2526635.0
1477950285.46, 2535527.0
1477950285.51, 2545901.0
1477950285.56, 2554793.0
1477950285.61, 2563685.0
1477950285.67, 2574059.0
1477950285.72, 2582951.0
1477950285.77, 2593325.0
1477950285.82, 2602217.0
1477950285.87, 2611109.0
1477950285.92, 2621483.0
1477950285.97, 2630375.0
1477950286.02, 2639267.0
1477950286.07, 2649641.0
1477950286.12, 2658533.0
1477950286.17, 2667425.0
1477950286.22, 2677799.0
1477950286.27, 2686691.0
1477950286.32, 2697065.0
1477950286.37, 2705957.0
1477950286.42, 2714849.0
1477950286.47, 2725223.0
1477950286.52, 2734115.0
1477950286.57, 2743007.0
1477950286.64, 2756387.0
1477950286.69, 2765279.0
1477950286.74, 2774171.0
1477950286.79, 2784545.0
1477950286.84, 2793437.0
1477950286.89, 2802329.0
1477950286.94, 2812703.0
1477950286.99, 2821595.0
1477950287.04, 2830487.0
1477950287.09, 2840861.0
1477950287.14, 2849753.0
1477950287.19, 2858645.0
1477950287.24, 2867537.0
1477950287.29, 2876429.0
1477950287.34, 2886803.0
1477950287.39, 2895695.0
1477950287.44, 2906069.0
1477950287.49, 2914961.0
1477950287.54, 2923853.0
1477950287.59, 2934227.0
1477950287.64, 2943119.0
1477950287.69, 2952011.0
1477950287.75, 2962385.0
1477950287.8, 2971277.0
1477950287.85, 2981651.0
1477950287.9, 2990543.0
1477950287.95, 2999638.0
1477950288.0, 3010012.0
1477950288.05, 3018904.0
1477950288.1, 3027796.0
1477950288.15, 3038170.0
1477950288.2, 3047062.0
1477950288.25, 3057436.0
1477950288.3, 3066328.0
1477950288.35, 3073738.0
1477950288.4, 3084112.0
1477950288.45, 3093004.0
1477950288.5, 3103378.0
1477950288.55, 3112270.0
1477950288.6, 3121162.0
1477950288.65, 3131536.0
1477950288.7, 3140428.0
1477950288.75, 3150802.0
1477950288.8, 3159694.0
1477950288.86, 3168586.0
1477950288.91, 3178960.0
1477950288.96, 3187852.0
1477950289.01, 3198226.0
1477950289.06, 3207118.0
1477950289.11, 3216010.0
1477950289.16, 3226384.0
1477950289.21, 3235276.0
1477950289.26, 3244168.0
1477950289.31, 3254542.0
1477950289.36, 3263434.0
1477950289.41, 3273808.0
1477950289.46, 3282700.0
1477950289.51, 3291592.0
1477950289.56, 3301966.0
1477950289.61, 3310858.0
1477950289.66, 3321232.0
1477950289.71, 3330124.0
1477950289.77, 3339016.0
1477950289.82, 3349390.0
1477950289.87, 3358282.0
1477950289.92, 3367174.0
1477950289.97, 3377548.0
1477950290.02, 3386440.0
1477950290.07, 3396814.0
1477950290.12, 3405706.0
1477950290.18, 3417562.0
1477950290.23, 3426454.0
1477950290.28, 3436828.0
1477950290.33, 3445720.0
1477950290.38, 3456094.0
1477950290.43, 3464986.0
1477950290.48, 3473878.0
1477950290.54, 3484252.0
1477950290.59, 3493144.0
1477950290.65, 3505000.0
1477950290.7, 3513892.0
1477950290.75, 3524266.0
1477950290.8, 3533158.0
1477950290.85, 3543532.0
1477950290.9, 3552424.0
1477950290.95, 3562798.0
1477950291.0, 3571690.0
1477950291.05, 3582064.0
1477950291.11, 3590956.0
1477950291.16, 3599848.0
1477950291.21, 3610222.0
1477950291.26, 3619114.0
1477950291.31, 3629488.0
1477950291.36, 3638380.0
1477950291.41, 3647272.0
1477950291.46, 3657646.0
1477950291.51, 3666538.0
1477950291.56, 3676912.0
1477950291.61, 3685804.0
1477950291.66, 3696178.0
1477950291.71, 3705070.0
1477950291.76, 3713962.0
1477950291.82, 3724336.0
1477950291.87, 3734710.0
1477950291.92, 3743602.0
1477950291.97, 3753976.0
1477950292.03, 3764350.0
1477950292.1, 3776206.0
1477950292.15, 3786580.0
1477950292.2, 3795472.0
1477950292.25, 3804364.0
1477950292.3, 3814738.0
1477950292.35, 3823630.0
1477950292.4, 3834004.0
1477950292.45, 3842896.0
1477950292.5, 3851788.0
1477950292.55, 3862162.0
1477950292.6, 3871054.0
1477950292.66, 3882910.0
1477950292.71, 3891802.0
1477950292.76, 3900694.0
1477950292.81, 3911068.0
1477950292.86, 3919960.0
1477950292.91, 3930334.0
1477950292.96, 3939226.0
1477950293.01, 3948118.0
1477950293.06, 3958492.0
1477950293.12, 3967384.0
1477950293.17, 3977758.0
1477950293.22, 3986650.0
1477950293.27, 3995542.0
1477950293.32, 4005916.0
1477950293.37, 4014808.0
1477950293.42, 4023700.0
1477950293.47, 4034074.0
1477950293.52, 4042966.0
1477950293.57, 4053340.0
1477950293.62, 4062232.0
1477950293.67, 4071124.0
1477950293.72, 4081498.0
1477950293.77, 4090390.0
1477950293.82, 4100764.0
1477950293.87, 4109656.0
1477950293.92, 4118548.0
1477950293.97, 4128922.0
1477950294.02, 4137814.0
1477950294.07, 4148188.0
1477950294.13, 4157080.0
1477950294.18, 4165972.0
1477950294.23, 4176346.0
1477950294.28, 4185238.0
1477950294.33, 4195612.0
1477950294.38, 4204504.0
1477950294.43, 4213396.0
1477950294.48, 4223770.0
1477950294.53, 4232662.0
1477950294.58, 4241554.0
1477950294.63, 4251928.0
1477950294.68, 4260820.0
1477950294.73, 4271194.0
1477950294.78, 4280086.0
1477950294.83, 4288978.0
1477950294.88, 4299352.0
1477950294.93, 4308244.0
1477950294.98, 4317136.0
1477950295.03, 4327510.0
1477950295.08, 4336402.0
1477950295.13, 4345294.0
1477950295.18, 4355668.0
1477950295.23, 4364560.0
1477950295.28, 4373452.0
1477950295.33, 4383826.0
1477950295.39, 4394200.0
1477950295.44, 4403092.0
1477950295.49, 4413466.0
1477950295.54, 4422358.0
1477950295.59, 4432732.0
1477950295.64, 4441624.0
1477950295.69, 4450516.0
1477950295.74, 4460890.0
1477950295.79, 4468300.0
1477950295.84, 4477192.0
1477950295.89, 4487566.0
1477950295.94, 4496458.0
1477950295.99, 4506832.0
1477950296.05, 4515724.0
1477950296.1, 4524616.0
1477950296.15, 4534990.0
1477950296.2, 4543882.0
1477950296.25, 4552774.0
1477950296.3, 4563148.0
1477950296.35, 4572040.0
1477950296.4, 4580932.0
1477950296.45, 4591306.0
1477950296.5, 4600198.0
1477950296.55, 4609090.0
1477950296.6, 4619464.0
1477950296.65, 4628356.0
1477950296.7, 4638730.0
1477950296.75, 4647622.0
1477950296.8, 4656514.0
1477950296.85, 4666888.0
1477950296.9, 4675780.0
1477950296.95, 4684672.0
1477950297.0, 4695046.0
1477950297.05, 4703938.0
1477950297.1, 4714312.0
1477950297.15, 4723204.0
1477950297.2, 4732096.0
1477950297.25, 4742470.0
1477950297.31, 4751362.0
1477950297.36, 4761736.0
1477950297.41, 4770628.0
1477950297.46, 4779520.0
1477950297.51, 4789894.0
1477950297.57, 4801750.0
1477950297.62, 4810642.0
1477950297.67, 4819534.0
1477950297.72, 4829908.0
1477950297.79, 4843246.0
1477950297.84, 4852138.0
1477950297.89, 4862512.0
1477950297.94, 4871404.0
1477950297.99, 4881778.0
1477950298.05, 4890670.0
1477950298.1, 4899562.0
1477950298.15, 4909936.0
1477950298.21, 4920310.0
1477950298.26, 4930684.0
1477950298.31, 4939576.0
1477950298.36, 4948468.0
1477950298.42, 4960324.0
1477950298.47, 4970698.0
1477950298.52, 4979590.0
1477950298.57, 4989964.0
1477950298.63, 4998856.0
1477950298.69, 5010712.0
1477950298.74, 5021086.0
1477950298.79, 5029978.0
1477950298.84, 5038870.0
1477950298.89, 5049244.0
1477950298.94, 5058136.0
1477950298.99, 5068510.0
1477950299.05, 5078884.0
1477950299.1, 5087776.0
1477950299.15, 5096668.0
1477950299.2, 5107042.0
1477950299.26, 5115934.0
1477950299.31, 5124826.0
1477950299.36, 5135200.0
1477950299.41, 5144092.0
1477950299.46, 5152984.0
1477950299.51, 5163358.0
1477950299.56, 5172250.0
1477950299.61, 5181142.0
1477950299.66, 5191516.0
1477950299.71, 5200408.0
1477950299.76, 5209300.0
1477950299.81, 5219674.0
1477950299.86, 5228566.0
1477950299.92, 5240422.0
1477950299.97, 5249314.0
1477950300.03, 5259688.0
1477950300.08, 5270062.0
1477950300.13, 5278954.0
1477950300.18, 5289328.0
1477950300.23, 5298220.0
1477950300.28, 5307112.0
1477950300.33, 5317486.0
1477950300.38, 5326378.0
1477950300.43, 5336752.0
1477950300.49, 5348608.0
1477950300.54, 5357500.0
1477950300.59, 5366392.0
1477950300.65, 5376766.0
1477950300.7, 5387140.0
1477950300.75, 5396032.0
1477950300.8, 5406406.0
1477950300.85, 5415298.0
1477950300.9, 5425672.0
1477950300.95, 5434564.0
1477950301.0, 5443456.0
1477950301.05, 5453830.0
1477950301.11, 5462722.0
1477950301.16, 5471614.0
1477950301.21, 5481988.0
1477950301.26, 5490880.0
1477950301.31, 5501254.0
1477950301.36, 5510146.0
1477950301.41, 5520520.0
1477950301.46, 5529412.0
1477950301.52, 5539786.0
1477950301.57, 5548678.0
1477950301.62, 5559052.0
1477950301.67, 5567944.0
1477950301.72, 5578318.0
