1477949990.36, 1186.0
1477949990.5, 1195.0
1477949990.59, 1200.0
1477949990.68, 1206.0
1477949990.76, 1211.0
1477949990.87, 1219.0
1477949990.99, 1227.0
1477949991.08, 1233.0
1477949991.18, 1239.0
1477949991.33, 1249.0
1477949991.43, 1256.0
1477949991.53, 1263.0
1477949991.64, 1272.0
1477949991.72, 1280.0
1477949991.77, 1282.0
1477949991.82, 1286.0
1477949991.87, 1291.0
1477949991.92, 1294.0
1477949991.97, 1296.0
1477949992.02, 1297.0
1477949992.07, 1300.0
1477949992.12, 1300.0
1477949992.17, 1302.0
1477949992.22, 1304.0
1477949992.27, 1308.0
1477949992.32, 1310.0
1477949992.37, 1311.0
1477949992.42, 1311.0
1477949992.47, 1313.0
1477949992.52, 1314.0
1477949992.57, 1315.0
1477949992.62, 1316.0
1477949992.67, 1319.0
1477949992.73, 1322.0
1477949992.78, 1325.0
1477949992.83, 1329.0
1477949992.88, 1329.0
1477949992.93, 1333.0
1477949992.98, 1334.0
1477949993.03, 1335.0
1477949993.08, 1337.0
1477949993.13, 1337.0
1477949993.18, 1337.0
1477949993.23, 1338.0
1477949993.28, 1339.0
1477949993.33, 1342.0
1477949993.38, 1344.0
1477949993.43, 1344.0
1477949993.48, 1346.0
1477949993.53, 1348.0
1477949993.58, 1349.0
1477949993.63, 1354.0
1477949993.68, 1354.0
1477949993.74, 1355.0
1477949993.79, 1357.0
1477949993.84, 1357.0
1477949993.89, 1358.0
1477949993.94, 1359.0
1477949993.99, 1359.0
1477949994.04, 1360.0
1477949994.09, 1360.0
1477949994.14, 1360.0
1477949994.19, 1360.0
1477949994.24, 1360.0
1477949994.29, 1360.0
1477949994.34, 1360.0
1477949994.39, 1360.0
1477949994.44, 1360.0
1477949994.49, 1360.0
1477949994.54, 1360.0
1477949994.59, 1360.0
1477949994.64, 1360.0
1477949994.69, 1360.0
1477949994.74, 1360.0
1477949994.79, 1360.0
1477949994.84, 1360.0
1477949994.89, 1360.0
1477949994.94, 1360.0
1477949994.99, 1360.0
1477949995.04, 1362.0
1477949995.09, 1362.0
1477949995.14, 1362.0
1477949995.19, 1364.0
1477949995.24, 1364.0
1477949995.29, 1364.0
1477949995.34, 1364.0
1477949995.39, 1364.0
1477949995.44, 1364.0
1477949995.5, 1364.0
1477949995.55, 1364.0
1477949995.6, 1364.0
1477949995.65, 1364.0
1477949995.7, 1364.0
1477949995.75, 1364.0
1477949995.8, 1364.0
1477949995.85, 1364.0
1477949995.9, 1364.0
1477949995.95, 1364.0
1477949996.0, 1364.0
1477949996.05, 1364.0
1477949996.1, 1364.0
1477949996.15, 1365.0
1477949996.2, 1365.0
1477949996.25, 1365.0
1477949996.3, 1365.0
1477949996.35, 1365.0
1477949996.4, 1366.0
1477949996.45, 1366.0
1477949996.5, 1366.0
1477949996.55, 1366.0
1477949996.6, 1366.0
1477949996.65, 1366.0
1477949996.7, 1366.0
1477949996.75, 1366.0
1477949996.8, 1366.0
1477949996.85, 1366.0
1477949996.9, 1366.0
1477949996.95, 1366.0
1477949997.0, 1366.0
1477949997.05, 1366.0
1477949997.1, 1366.0
1477949997.16, 1366.0
1477949997.21, 1366.0
1477949997.26, 1366.0
1477949997.31, 1366.0
1477949997.36, 1366.0
1477949997.41, 1366.0
1477949997.46, 1366.0
1477949997.51, 1366.0
1477949997.56, 1367.0
1477949997.61, 1367.0
1477949997.66, 1367.0
1477949997.71, 1367.0
1477949997.76, 1367.0
1477949997.81, 1367.0
1477949997.86, 1367.0
1477949997.91, 1367.0
1477949997.96, 1367.0
1477949998.01, 1367.0
1477949998.06, 1367.0
1477949998.11, 1367.0
1477949998.16, 1367.0
1477949998.21, 1367.0
1477949998.26, 1367.0
1477949998.31, 1367.0
1477949998.36, 1367.0
1477949998.41, 1367.0
1477949998.46, 1367.0
1477949998.51, 1367.0
1477949998.56, 1367.0
1477949998.61, 1367.0
1477949998.67, 1367.0
1477949998.72, 1367.0
1477949998.77, 1368.0
1477949998.82, 1368.0
1477949998.87, 1369.0
1477949998.92, 1369.0
1477949998.97, 1369.0
1477949999.02, 1370.0
1477949999.07, 1370.0
1477949999.12, 1370.0
1477949999.17, 1371.0
1477949999.22, 1371.0
1477949999.27, 1372.0
1477949999.32, 1372.0
1477949999.37, 1372.0
1477949999.42, 1374.0
1477949999.47, 1374.0
1477949999.52, 1374.0
1477949999.57, 1375.0
1477949999.62, 1375.0
1477949999.67, 1375.0
1477949999.72, 1376.0
1477949999.77, 1376.0
1477949999.82, 1376.0
1477949999.87, 1376.0
1477949999.92, 1376.0
1477949999.97, 1376.0
1477950000.02, 1376.0
1477950000.07, 1376.0
1477950000.12, 1376.0
1477950000.17, 1376.0
1477950000.23, 1376.0
1477950000.28, 1376.0
1477950000.33, 1376.0
1477950000.38, 1376.0
1477950000.43, 1376.0
1477950000.48, 1376.0
1477950000.53, 1376.0
1477950000.58, 1376.0
1477950000.63, 1376.0
1477950000.68, 1377.0
1477950000.73, 1377.0
1477950000.78, 1377.0
1477950000.83, 1378.0
1477950000.88, 1379.0
1477950000.93, 1379.0
1477950000.98, 1380.0
1477950001.03, 1380.0
1477950001.08, 1380.0
1477950001.13, 1380.0
1477950001.18, 1380.0
1477950001.23, 1380.0
1477950001.28, 1380.0
1477950001.33, 1380.0
1477950001.38, 1380.0
1477950001.43, 1380.0
1477950001.48, 1380.0
1477950001.53, 1380.0
1477950001.58, 1380.0
1477950001.63, 1380.0
1477950001.68, 1380.0
1477950001.73, 1380.0
1477950001.78, 1380.0
1477950001.83, 1380.0
1477950001.88, 1380.0
1477950001.93, 1380.0
1477950001.99, 1380.0
1477950002.04, 1380.0
1477950002.09, 1380.0
1477950002.14, 1380.0
1477950002.19, 1380.0
1477950002.24, 1380.0
1477950002.29, 1380.0
1477950002.34, 1380.0
1477950002.39, 1380.0
1477950002.44, 1380.0
1477950002.49, 1380.0
1477950002.54, 1380.0
1477950002.59, 1380.0
1477950002.64, 1380.0
1477950002.69, 1380.0
1477950002.74, 1380.0
1477950002.79, 1380.0
1477950002.84, 1380.0
1477950002.89, 1380.0
1477950002.95, 1380.0
1477950003.0, 1380.0
1477950003.05, 1381.0
1477950003.1, 1381.0
1477950003.15, 1381.0
1477950003.2, 1381.0
1477950003.25, 1381.0
1477950003.3, 1381.0
1477950003.35, 1381.0
1477950003.4, 1381.0
1477950003.45, 1381.0
1477950003.5, 1382.0
1477950003.56, 1382.0
1477950003.61, 1382.0
1477950003.66, 1382.0
1477950003.71, 1382.0
1477950003.76, 1382.0
1477950003.81, 1382.0
1477950003.86, 1382.0
1477950003.91, 1382.0
1477950003.96, 1382.0
1477950004.02, 1382.0
1477950004.07, 1382.0
1477950004.12, 1382.0
1477950004.17, 1382.0
1477950004.23, 1382.0
1477950004.28, 1383.0
1477950004.33, 1383.0
1477950004.38, 1384.0
1477950004.43, 1384.0
1477950004.48, 1384.0
1477950004.53, 1384.0
1477950004.58, 1384.0
1477950004.63, 1384.0
1477950004.68, 1384.0
1477950004.73, 1384.0
1477950004.78, 1384.0
1477950004.83, 1384.0
1477950004.88, 1384.0
1477950004.93, 1384.0
1477950004.99, 1384.0
1477950005.04, 1384.0
1477950005.09, 1384.0
1477950005.14, 1384.0
1477950005.19, 1384.0
1477950005.24, 1384.0
1477950005.29, 1384.0
1477950005.34, 1384.0
1477950005.39, 1384.0
1477950005.44, 1384.0
1477950005.49, 1384.0
1477950005.54, 1384.0
1477950005.59, 1385.0
1477950005.64, 1386.0
1477950005.69, 1387.0
1477950005.74, 1387.0
1477950005.79, 1387.0
1477950005.84, 1388.0
1477950005.89, 1388.0
1477950005.94, 1389.0
1477950005.99, 1389.0
1477950006.04, 1389.0
1477950006.09, 1390.0
1477950006.14, 1390.0
1477950006.2, 1390.0
1477950006.25, 1392.0
1477950006.3, 1392.0
1477950006.35, 1392.0
1477950006.4, 1392.0
1477950006.45, 1392.0
1477950006.5, 1392.0
1477950006.55, 1392.0
1477950006.6, 1392.0
1477950006.65, 1392.0
1477950006.7, 1392.0
1477950006.75, 1392.0
1477950006.8, 1393.0
1477950006.85, 1393.0
1477950006.9, 1393.0
1477950006.96, 1394.0
1477950007.01, 1394.0
1477950007.06, 1394.0
1477950007.11, 1394.0
1477950007.16, 1394.0
1477950007.21, 1395.0
1477950007.26, 1395.0
1477950007.31, 1395.0
1477950007.36, 1395.0
1477950007.41, 1395.0
1477950007.46, 1395.0
1477950007.51, 1395.0
1477950007.57, 1395.0
1477950007.62, 1395.0
1477950007.67, 1395.0
1477950007.72, 1395.0
1477950007.77, 1395.0
1477950007.82, 1395.0
1477950007.87, 1395.0
1477950007.92, 1395.0
1477950007.97, 1395.0
1477950008.02, 1395.0
1477950008.07, 1395.0
1477950008.12, 1395.0
1477950008.17, 1395.0
1477950008.23, 1396.0
1477950008.28, 1396.0
1477950008.33, 1396.0
1477950008.38, 1396.0
1477950008.43, 1396.0
1477950008.48, 1396.0
1477950008.53, 1396.0
1477950008.58, 1396.0
1477950008.63, 1396.0
1477950008.68, 1396.0
1477950008.73, 1396.0
1477950008.78, 1396.0
1477950008.83, 1396.0
1477950008.88, 1396.0
1477950008.93, 1396.0
1477950008.98, 1396.0
1477950009.03, 1396.0
1477950009.08, 1396.0
1477950009.13, 1396.0
1477950009.18, 1396.0
1477950009.23, 1397.0
1477950009.28, 1397.0
1477950009.33, 1397.0
1477950009.38, 1397.0
1477950009.43, 1397.0
1477950009.48, 1397.0
1477950009.53, 1397.0
1477950009.58, 1397.0
1477950009.63, 1397.0
1477950009.68, 1397.0
1477950009.73, 1397.0
1477950009.78, 1397.0
1477950009.83, 1397.0
1477950009.88, 1397.0
1477950009.93, 1397.0
1477950009.98, 1397.0
1477950010.03, 1397.0
1477950010.08, 1397.0
1477950010.13, 1397.0
1477950010.19, 1398.0
1477950010.24, 1398.0
1477950010.29, 1398.0
1477950010.34, 1398.0
1477950010.39, 1398.0
1477950010.44, 1398.0
1477950010.49, 1398.0
1477950010.54, 1398.0
1477950010.59, 1398.0
1477950010.64, 1398.0
1477950010.69, 1398.0
1477950010.74, 1398.0
1477950010.79, 1398.0
1477950010.84, 1399.0
1477950010.89, 1399.0
1477950010.94, 1399.0
1477950010.99, 1399.0
1477950011.04, 1399.0
1477950011.09, 1399.0
1477950011.14, 1399.0
1477950011.19, 1400.0
1477950011.24, 1400.0
1477950011.29, 1400.0
1477950011.34, 1400.0
1477950011.39, 1400.0
1477950011.44, 1400.0
1477950011.49, 1400.0
1477950011.54, 1400.0
1477950011.59, 1400.0
1477950011.64, 1400.0
1477950011.69, 1400.0
1477950011.74, 1400.0
1477950011.79, 1400.0
1477950011.84, 1400.0
1477950011.89, 1400.0
1477950011.94, 1400.0
1477950011.99, 1400.0
1477950012.05, 1400.0
1477950012.1, 1400.0
1477950012.15, 1400.0
1477950012.2, 1401.0
1477950012.25, 1401.0
1477950012.3, 1401.0
1477950012.35, 1401.0
1477950012.4, 1401.0
1477950012.45, 1401.0
1477950012.5, 1401.0
1477950012.55, 1401.0
1477950012.6, 1401.0
1477950012.65, 1401.0
1477950012.7, 1401.0
1477950012.75, 1401.0
1477950012.8, 1401.0
1477950012.85, 1402.0
1477950012.9, 1402.0
1477950012.95, 1402.0
1477950013.0, 1402.0
1477950013.05, 1403.0
1477950013.1, 1403.0
1477950013.15, 1403.0
1477950013.2, 1403.0
1477950013.25, 1403.0
1477950013.3, 1403.0
1477950013.35, 1403.0
1477950013.4, 1403.0
1477950013.45, 1403.0
1477950013.5, 1403.0
1477950013.55, 1403.0
1477950013.6, 1403.0
1477950013.65, 1403.0
1477950013.7, 1403.0
1477950013.75, 1403.0
1477950013.8, 1403.0
1477950013.85, 1403.0
1477950013.9, 1404.0
1477950013.95, 1404.0
1477950014.0, 1404.0
1477950014.05, 1404.0
1477950014.1, 1404.0
1477950014.15, 1404.0
1477950014.21, 1404.0
1477950014.26, 1404.0
1477950014.31, 1404.0
1477950014.36, 1405.0
1477950014.41, 1405.0
1477950014.46, 1405.0
1477950014.51, 1405.0
1477950014.56, 1405.0
1477950014.61, 1405.0
1477950014.66, 1405.0
1477950014.71, 1405.0
1477950014.76, 1406.0
1477950014.81, 1406.0
1477950014.86, 1406.0
1477950014.91, 1406.0
1477950014.96, 1406.0
1477950015.01, 1406.0
1477950015.06, 1406.0
1477950015.11, 1406.0
1477950015.16, 1406.0
1477950015.21, 1407.0
1477950015.26, 1407.0
1477950015.31, 1407.0
1477950015.36, 1407.0
1477950015.41, 1407.0
1477950015.46, 1407.0
1477950015.51, 1408.0
1477950015.56, 1408.0
1477950015.61, 1408.0
1477950015.66, 1408.0
1477950015.71, 1408.0
1477950015.76, 1408.0
1477950015.81, 1408.0
1477950015.86, 1408.0
1477950015.91, 1408.0
1477950015.96, 1408.0
1477950016.01, 1408.0
1477950016.06, 1408.0
1477950016.11, 1408.0
1477950016.17, 1408.0
1477950016.22, 1408.0
1477950016.27, 1408.0
1477950016.32, 1409.0
1477950016.37, 1409.0
1477950016.42, 1409.0
1477950016.47, 1409.0
1477950016.52, 1409.0
1477950016.57, 1409.0
1477950016.62, 1409.0
1477950016.67, 1409.0
1477950016.72, 1409.0
1477950016.77, 1409.0
1477950016.82, 1409.0
1477950016.87, 1409.0
1477950016.92, 1409.0
1477950016.97, 1409.0
1477950017.02, 1409.0
1477950017.07, 1409.0
1477950017.12, 1409.0
1477950017.17, 1409.0
1477950017.22, 1409.0
1477950017.27, 1409.0
1477950017.32, 1409.0
1477950017.37, 1409.0
1477950017.42, 1409.0
1477950017.47, 1409.0
1477950017.52, 1409.0
1477950017.57, 1409.0
1477950017.62, 1409.0
1477950017.67, 1409.0
1477950017.72, 1409.0
1477950017.77, 1409.0
1477950017.82, 1409.0
1477950017.88, 1409.0
1477950017.93, 1409.0
1477950017.98, 1409.0
1477950018.03, 1409.0
1477950018.08, 1409.0
1477950018.13, 1409.0
1477950018.18, 1409.0
1477950018.23, 1409.0
1477950018.28, 1409.0
1477950018.33, 1410.0
1477950018.38, 1410.0
1477950018.43, 1410.0
1477950018.48, 1410.0
1477950018.53, 1410.0
1477950018.58, 1410.0
1477950018.63, 1410.0
1477950018.68, 1410.0
1477950018.73, 1410.0
1477950018.78, 1410.0
1477950018.83, 1410.0
1477950018.88, 1410.0
1477950018.93, 1410.0
1477950018.98, 1410.0
1477950019.03, 1411.0
1477950019.08, 1411.0
1477950019.13, 1411.0
1477950019.18, 1411.0
1477950019.23, 1411.0
1477950019.28, 1411.0
1477950019.33, 1411.0
1477950019.38, 1411.0
1477950019.43, 1411.0
1477950019.48, 1411.0
1477950019.53, 1411.0
1477950019.58, 1411.0
1477950019.63, 1411.0
1477950019.68, 1411.0
1477950019.73, 1411.0
1477950019.79, 1411.0
1477950019.84, 1411.0
1477950019.89, 1411.0
1477950019.94, 1411.0
1477950019.99, 1411.0
1477950020.04, 1411.0
1477950020.09, 1411.0
1477950020.14, 1411.0
1477950020.19, 1411.0
1477950020.24, 1411.0
1477950020.29, 1411.0
1477950020.34, 1411.0
1477950020.39, 1411.0
1477950020.44, 1411.0
1477950020.49, 1411.0
1477950020.54, 1411.0
1477950020.59, 1411.0
1477950020.64, 1411.0
1477950020.69, 1411.0
1477950020.74, 1411.0
1477950020.79, 1411.0
1477950020.84, 1411.0
1477950020.89, 1411.0
1477950020.95, 1411.0
1477950021.0, 1411.0
1477950021.05, 1411.0
1477950021.1, 1411.0
1477950021.15, 1411.0
1477950021.2, 1411.0
1477950021.25, 1411.0
1477950021.3, 1411.0
1477950021.35, 1411.0
1477950021.4, 1411.0
1477950021.45, 1411.0
1477950021.5, 1411.0
1477950021.55, 1411.0
1477950021.6, 1411.0
1477950021.65, 1411.0
1477950021.7, 1411.0
