1477949990.36, 2633572.0
1477949990.5, 2660230.0
1477949990.59, 2675040.0
1477949990.68, 2694326.0
1477949990.76, 2709136.0
1477949990.87, 2726908.0
1477949990.99, 2750604.0
1477949991.08, 2766928.0
1477949991.18, 2784700.0
1477949991.33, 2814320.0
1477949991.43, 2830644.0
1477949991.53, 2849930.0
1477949991.64, 2867702.0
1477949991.72, 2882710.0
1477949991.77, 2891662.0
1477949991.82, 2897718.0
1477949991.87, 2903774.0
1477949991.92, 2906802.0
1477949991.97, 2906802.0
1477949992.02, 2906802.0
1477949992.07, 2908316.0
1477949992.12, 2908316.0
1477949992.17, 2908316.0
1477949992.22, 2908316.0
1477949992.27, 2908316.0
1477949992.32, 2908316.0
1477949992.37, 2908316.0
1477949992.42, 2908316.0
1477949992.47, 2908316.0
1477949992.52, 2908316.0
1477949992.57, 2908316.0
1477949992.62, 2908316.0
1477949992.67, 2908316.0
1477949992.73, 2908316.0
1477949992.78, 2908316.0
1477949992.83, 2908316.0
1477949992.88, 2908316.0
1477949992.93, 2908316.0
1477949992.98, 2908316.0
1477949993.03, 2908316.0
1477949993.08, 2908316.0
1477949993.13, 2909830.0
1477949993.18, 2909830.0
1477949993.23, 2936554.0
1477949993.28, 2936554.0
1477949993.33, 2945572.0
1477949993.38, 2963740.0
1477949993.43, 2963740.0
1477949993.48, 2969796.0
1477949993.53, 2984936.0
1477949993.58, 2984936.0
1477949993.63, 2990992.0
1477949993.68, 2992506.0
1477949993.74, 2994020.0
1477949993.79, 2997048.0
1477949993.84, 2997048.0
1477949993.89, 2998562.0
1477949993.94, 2998562.0
1477949993.99, 2998562.0
1477949994.04, 2998562.0
1477949994.09, 2998562.0
1477949994.14, 2998562.0
1477949994.19, 2998562.0
1477949994.24, 2998562.0
1477949994.29, 2998562.0
1477949994.34, 2998562.0
1477949994.39, 2998562.0
1477949994.44, 2998562.0
1477949994.49, 2998562.0
1477949994.54, 2998562.0
1477949994.59, 2998562.0
1477949994.64, 2998562.0
1477949994.69, 2998562.0
1477949994.74, 2998562.0
1477949994.79, 2998562.0
1477949994.84, 2998562.0
1477949994.89, 2998562.0
1477949994.94, 3000076.0
1477949994.99, 3000076.0
1477949995.04, 3000076.0
1477949995.09, 3006066.0
1477949995.14, 3006066.0
1477949995.19, 3012056.0
1477949995.24, 3012056.0
1477949995.29, 3012056.0
1477949995.34, 3012056.0
1477949995.39, 3012056.0
1477949995.44, 3012056.0
1477949995.5, 3012056.0
1477949995.55, 3012056.0
1477949995.6, 3012056.0
1477949995.65, 3012056.0
1477949995.7, 3012056.0
1477949995.75, 3012056.0
1477949995.8, 3012056.0
1477949995.85, 3012056.0
1477949995.9, 3012056.0
1477949995.95, 3012056.0
1477949996.0, 3012056.0
1477949996.05, 3012056.0
1477949996.1, 3012056.0
1477949996.15, 3012056.0
1477949996.2, 3012056.0
1477949996.25, 3013570.0
1477949996.3, 3013570.0
1477949996.35, 3013570.0
1477949996.4, 3018112.0
1477949996.45, 3018112.0
1477949996.5, 3018112.0
1477949996.55, 3018112.0
1477949996.6, 3018112.0
1477949996.65, 3018112.0
1477949996.7, 3018112.0
1477949996.75, 3018112.0
1477949996.8, 3018112.0
1477949996.85, 3018112.0
1477949996.9, 3018112.0
1477949996.95, 3018112.0
1477949997.0, 3018112.0
1477949997.05, 3018112.0
1477949997.1, 3018112.0
1477949997.16, 3018112.0
1477949997.21, 3018112.0
1477949997.26, 3018112.0
1477949997.31, 3018112.0
1477949997.36, 3018112.0
1477949997.41, 3018112.0
1477949997.46, 3019626.0
1477949997.51, 3019626.0
1477949997.56, 3019626.0
1477949997.61, 3022654.0
1477949997.66, 3022654.0
1477949997.71, 3022654.0
1477949997.76, 3022654.0
1477949997.81, 3022654.0
1477949997.86, 3022654.0
1477949997.91, 3022654.0
1477949997.96, 3022654.0
1477949998.01, 3022654.0
1477949998.06, 3022654.0
1477949998.11, 3022654.0
1477949998.16, 3022654.0
1477949998.21, 3022654.0
1477949998.26, 3022654.0
1477949998.31, 3022654.0
1477949998.36, 3022654.0
1477949998.41, 3022654.0
1477949998.46, 3022654.0
1477949998.51, 3022654.0
1477949998.56, 3022654.0
1477949998.61, 3024168.0
1477949998.67, 3024168.0
1477949998.72, 3024168.0
1477949998.77, 3027196.0
1477949998.82, 3027196.0
1477949998.87, 3027196.0
1477949998.92, 3028710.0
1477949998.97, 3028710.0
1477949999.02, 3033252.0
1477949999.07, 3033252.0
1477949999.12, 3033252.0
1477949999.17, 3034766.0
1477949999.22, 3034766.0
1477949999.27, 3034766.0
1477949999.32, 3040822.0
1477949999.37, 3040822.0
1477949999.42, 3042336.0
1477949999.47, 3042336.0
1477949999.52, 3042336.0
1477949999.57, 3043850.0
1477949999.62, 3043850.0
1477949999.67, 3043850.0
1477949999.72, 3046878.0
1477949999.77, 3046878.0
1477949999.82, 3046878.0
1477949999.87, 3046878.0
1477949999.92, 3046878.0
1477949999.97, 3046878.0
1477950000.02, 3046878.0
1477950000.07, 3046878.0
1477950000.12, 3046878.0
1477950000.17, 3046878.0
1477950000.23, 3046878.0
1477950000.28, 3046878.0
1477950000.33, 3046878.0
1477950000.38, 3046878.0
1477950000.43, 3046878.0
1477950000.48, 3046878.0
1477950000.53, 3046878.0
1477950000.58, 3046878.0
1477950000.63, 3046878.0
1477950000.68, 3046878.0
1477950000.73, 3048392.0
1477950000.78, 3048392.0
1477950000.83, 3048392.0
1477950000.88, 3051420.0
1477950000.93, 3051420.0
1477950000.98, 3051420.0
1477950001.03, 3052934.0
1477950001.08, 3052934.0
1477950001.13, 3052934.0
1477950001.18, 3052934.0
1477950001.23, 3052934.0
1477950001.28, 3052934.0
1477950001.33, 3052934.0
1477950001.38, 3052934.0
1477950001.43, 3052934.0
1477950001.48, 3052934.0
1477950001.53, 3052934.0
1477950001.58, 3052934.0
1477950001.63, 3052934.0
1477950001.68, 3052934.0
1477950001.73, 3052934.0
1477950001.78, 3052934.0
1477950001.83, 3052934.0
1477950001.88, 3052934.0
1477950001.93, 3052934.0
1477950001.99, 3052934.0
1477950002.04, 3054448.0
1477950002.09, 3054448.0
1477950002.14, 3054448.0
1477950002.19, 3054448.0
1477950002.24, 3054448.0
1477950002.29, 3054448.0
1477950002.34, 3054448.0
1477950002.39, 3054448.0
1477950002.44, 3054448.0
1477950002.49, 3054448.0
1477950002.54, 3054448.0
1477950002.59, 3054448.0
1477950002.64, 3054448.0
1477950002.69, 3054448.0
1477950002.74, 3054448.0
1477950002.79, 3054448.0
1477950002.84, 3054448.0
1477950002.89, 3054448.0
1477950002.95, 3054448.0
1477950003.0, 3054448.0
1477950003.05, 3054448.0
1477950003.1, 3054448.0
1477950003.15, 3054448.0
1477950003.2, 3054448.0
1477950003.25, 3054448.0
1477950003.3, 3054448.0
1477950003.35, 3054448.0
1477950003.4, 3054448.0
1477950003.45, 3054448.0
1477950003.5, 3054448.0
1477950003.56, 3054448.0
1477950003.61, 3054448.0
1477950003.66, 3054448.0
1477950003.71, 3054448.0
1477950003.76, 3054448.0
1477950003.81, 3054448.0
1477950003.86, 3054448.0
1477950003.91, 3054448.0
1477950003.96, 3054448.0
1477950004.02, 3054448.0
1477950004.07, 3054448.0
1477950004.12, 3055962.0
1477950004.17, 3055962.0
1477950004.23, 3055962.0
1477950004.28, 3058990.0
1477950004.33, 3058990.0
1477950004.38, 3060504.0
1477950004.43, 3060504.0
1477950004.48, 3060504.0
1477950004.53, 3060504.0
1477950004.58, 3060504.0
1477950004.63, 3060504.0
1477950004.68, 3060504.0
1477950004.73, 3060504.0
1477950004.78, 3060504.0
1477950004.83, 3060504.0
1477950004.88, 3060504.0
1477950004.93, 3060504.0
1477950004.99, 3060504.0
1477950005.04, 3060504.0
1477950005.09, 3060504.0
1477950005.14, 3060504.0
1477950005.19, 3060504.0
1477950005.24, 3060504.0
1477950005.29, 3060504.0
1477950005.34, 3060504.0
1477950005.39, 3060504.0
1477950005.44, 3062018.0
1477950005.49, 3062018.0
1477950005.54, 3062018.0
1477950005.59, 3065046.0
1477950005.64, 3065046.0
1477950005.69, 3066560.0
1477950005.74, 3066560.0
1477950005.79, 3066560.0
1477950005.84, 3071102.0
1477950005.89, 3071102.0
1477950005.94, 3071102.0
1477950005.99, 3072616.0
1477950006.04, 3072616.0
1477950006.09, 3078672.0
1477950006.14, 3078672.0
1477950006.2, 3078672.0
1477950006.25, 3080186.0
1477950006.3, 3080186.0
1477950006.35, 3080186.0
1477950006.4, 3080186.0
1477950006.45, 3080186.0
1477950006.5, 3080186.0
1477950006.55, 3080186.0
1477950006.6, 3080186.0
1477950006.65, 3080186.0
1477950006.7, 3080186.0
1477950006.75, 3080186.0
1477950006.8, 3080186.0
1477950006.85, 3080186.0
1477950006.9, 3080186.0
1477950006.96, 3080186.0
1477950007.01, 3080186.0
1477950007.06, 3080186.0
1477950007.11, 3081700.0
1477950007.16, 3081700.0
1477950007.21, 3084728.0
1477950007.26, 3084728.0
1477950007.31, 3084728.0
1477950007.36, 3084728.0
1477950007.41, 3084728.0
1477950007.46, 3084728.0
1477950007.51, 3084728.0
1477950007.57, 3084728.0
1477950007.62, 3084728.0
1477950007.67, 3084728.0
1477950007.72, 3084728.0
1477950007.77, 3084728.0
1477950007.82, 3084728.0
1477950007.87, 3084728.0
1477950007.92, 3084728.0
1477950007.97, 3084728.0
1477950008.02, 3084728.0
1477950008.07, 3086242.0
1477950008.12, 3086242.0
1477950008.17, 3086242.0
1477950008.23, 3089270.0
1477950008.28, 3089270.0
1477950008.33, 3089270.0
1477950008.38, 3089270.0
1477950008.43, 3089270.0
1477950008.48, 3089270.0
1477950008.53, 3089270.0
1477950008.58, 3089270.0
1477950008.63, 3089270.0
1477950008.68, 3089270.0
1477950008.73, 3089270.0
1477950008.78, 3089270.0
1477950008.83, 3089270.0
1477950008.88, 3089270.0
1477950008.93, 3089270.0
1477950008.98, 3089270.0
1477950009.03, 3089270.0
1477950009.08, 3090784.0
1477950009.13, 3090784.0
1477950009.18, 3090784.0
1477950009.23, 3093812.0
1477950009.28, 3093812.0
1477950009.33, 3093812.0
1477950009.38, 3093812.0
1477950009.43, 3093812.0
1477950009.48, 3093812.0
1477950009.53, 3093812.0
1477950009.58, 3093812.0
1477950009.63, 3093812.0
1477950009.68, 3093812.0
1477950009.73, 3093812.0
1477950009.78, 3093812.0
1477950009.83, 3093812.0
1477950009.88, 3093812.0
1477950009.93, 3093812.0
1477950009.98, 3093812.0
1477950010.03, 3093812.0
1477950010.08, 3095326.0
1477950010.13, 3095326.0
1477950010.19, 3095326.0
1477950010.24, 3098354.0
1477950010.29, 3098354.0
1477950010.34, 3098354.0
1477950010.39, 3098354.0
1477950010.44, 3098354.0
1477950010.49, 3098354.0
1477950010.54, 3098354.0
1477950010.59, 3098354.0
1477950010.64, 3098354.0
1477950010.69, 3098354.0
1477950010.74, 3098354.0
1477950010.79, 3098354.0
1477950010.84, 3098354.0
1477950010.89, 3098354.0
1477950010.94, 3098354.0
1477950010.99, 3098354.0
1477950011.04, 3098354.0
1477950011.09, 3099868.0
1477950011.14, 3099868.0
1477950011.19, 3102896.0
1477950011.24, 3102896.0
1477950011.29, 3102896.0
1477950011.34, 3102896.0
1477950011.39, 3102896.0
1477950011.44, 3102896.0
1477950011.49, 3102896.0
1477950011.54, 3102896.0
1477950011.59, 3102896.0
1477950011.64, 3102896.0
1477950011.69, 3102896.0
1477950011.74, 3102896.0
1477950011.79, 3102896.0
1477950011.84, 3102896.0
1477950011.89, 3102896.0
1477950011.94, 3102896.0
1477950011.99, 3102896.0
1477950012.05, 3104410.0
1477950012.1, 3104410.0
1477950012.15, 3104410.0
1477950012.2, 3107438.0
1477950012.25, 3107438.0
1477950012.3, 3107438.0
1477950012.35, 3107438.0
1477950012.4, 3107438.0
1477950012.45, 3107438.0
1477950012.5, 3107438.0
1477950012.55, 3107438.0
1477950012.6, 3107438.0
1477950012.65, 3107438.0
1477950012.7, 3107438.0
1477950012.75, 3107438.0
1477950012.8, 3107438.0
1477950012.85, 3107438.0
1477950012.9, 3107438.0
1477950012.95, 3108952.0
1477950013.0, 3108952.0
1477950013.05, 3111980.0
1477950013.1, 3111980.0
1477950013.15, 3111980.0
1477950013.2, 3111980.0
1477950013.25, 3111980.0
1477950013.3, 3111980.0
1477950013.35, 3111980.0
1477950013.4, 3111980.0
1477950013.45, 3111980.0
1477950013.5, 3111980.0
1477950013.55, 3111980.0
1477950013.6, 3111980.0
1477950013.65, 3111980.0
1477950013.7, 3111980.0
1477950013.75, 3111980.0
1477950013.8, 3113494.0
1477950013.85, 3113494.0
1477950013.9, 3116522.0
1477950013.95, 3116522.0
1477950014.0, 3116522.0
1477950014.05, 3116522.0
1477950014.1, 3116522.0
1477950014.15, 3116522.0
1477950014.21, 3116522.0
1477950014.26, 3116564.0
1477950014.31, 3116564.0
1477950014.36, 3116564.0
1477950014.41, 3116564.0
1477950014.46, 3116564.0
1477950014.51, 3116564.0
1477950014.56, 3116564.0
1477950014.61, 3116564.0
1477950014.66, 3118078.0
1477950014.71, 3118078.0
1477950014.76, 3121106.0
1477950014.81, 3121106.0
1477950014.86, 3121106.0
1477950014.91, 3121106.0
1477950014.96, 3121106.0
1477950015.01, 3121106.0
1477950015.06, 3121106.0
1477950015.11, 3121106.0
1477950015.16, 3121106.0
1477950015.21, 3121106.0
1477950015.26, 3121106.0
1477950015.31, 3121106.0
1477950015.36, 3121106.0
1477950015.41, 3122620.0
1477950015.46, 3122620.0
1477950015.51, 3122620.0
1477950015.56, 3125648.0
1477950015.61, 3125648.0
1477950015.66, 3125648.0
1477950015.71, 3125648.0
1477950015.76, 3125648.0
1477950015.81, 3125648.0
1477950015.86, 3125648.0
1477950015.91, 3125648.0
1477950015.96, 3125648.0
1477950016.01, 3125648.0
1477950016.06, 3125648.0
1477950016.11, 3125648.0
1477950016.17, 3127162.0
1477950016.22, 3127162.0
1477950016.27, 3127162.0
1477950016.32, 3130190.0
1477950016.37, 3130190.0
1477950016.42, 3130190.0
1477950016.47, 3130190.0
1477950016.52, 3130190.0
1477950016.57, 3130190.0
1477950016.62, 3130190.0
1477950016.67, 3130190.0
1477950016.72, 3130190.0
1477950016.77, 3130190.0
1477950016.82, 3130190.0
1477950016.87, 3130190.0
1477950016.92, 3131704.0
1477950016.97, 3131704.0
1477950017.02, 3131704.0
1477950017.07, 3131704.0
1477950017.12, 3131704.0
1477950017.17, 3131704.0
1477950017.22, 3131704.0
1477950017.27, 3131704.0
1477950017.32, 3131704.0
1477950017.37, 3131704.0
1477950017.42, 3131704.0
1477950017.47, 3131704.0
1477950017.52, 3131704.0
1477950017.57, 3131704.0
1477950017.62, 3131704.0
1477950017.67, 3131704.0
1477950017.72, 3131704.0
1477950017.77, 3131704.0
1477950017.82, 3131704.0
1477950017.88, 3131704.0
1477950017.93, 3131704.0
1477950017.98, 3131704.0
1477950018.03, 3131704.0
1477950018.08, 3131704.0
1477950018.13, 3131704.0
1477950018.18, 3131704.0
1477950018.23, 3133218.0
1477950018.28, 3133218.0
1477950018.33, 3136246.0
1477950018.38, 3136246.0
1477950018.43, 3136246.0
1477950018.48, 3136246.0
1477950018.53, 3136246.0
1477950018.58, 3136246.0
1477950018.63, 3136246.0
1477950018.68, 3136246.0
1477950018.73, 3136246.0
1477950018.78, 3136246.0
1477950018.83, 3136246.0
1477950018.88, 3137760.0
1477950018.93, 3137760.0
1477950018.98, 3137760.0
1477950019.03, 3140788.0
1477950019.08, 3140788.0
1477950019.13, 3140788.0
1477950019.18, 3140788.0
1477950019.23, 3140788.0
1477950019.28, 3140788.0
1477950019.33, 3140788.0
1477950019.38, 3140788.0
1477950019.43, 3140788.0
1477950019.48, 3140788.0
1477950019.53, 3140788.0
1477950019.58, 3142302.0
1477950019.63, 3142302.0
1477950019.68, 3142302.0
1477950019.73, 3142302.0
1477950019.79, 3142302.0
1477950019.84, 3142302.0
1477950019.89, 3142302.0
1477950019.94, 3142302.0
1477950019.99, 3142302.0
1477950020.04, 3142302.0
1477950020.09, 3142302.0
1477950020.14, 3142302.0
1477950020.19, 3142302.0
1477950020.24, 3142302.0
1477950020.29, 3142302.0
1477950020.34, 3142302.0
1477950020.39, 3142302.0
1477950020.44, 3142302.0
1477950020.49, 3142302.0
1477950020.54, 3142302.0
1477950020.59, 3142302.0
1477950020.64, 3142302.0
1477950020.69, 3142302.0
1477950020.74, 3143816.0
1477950020.79, 3143816.0
1477950020.84, 3143816.0
1477950020.89, 3143816.0
1477950020.95, 3143816.0
1477950021.0, 3143816.0
1477950021.05, 3143816.0
1477950021.1, 3143816.0
1477950021.15, 3143816.0
1477950021.2, 3143816.0
1477950021.25, 3143816.0
1477950021.3, 3143816.0
1477950021.35, 3143816.0
1477950021.4, 3143816.0
1477950021.45, 3143816.0
1477950021.5, 3143816.0
1477950021.55, 3143816.0
1477950021.6, 3143816.0
1477950021.65, 3143816.0
1477950021.7, 3143816.0
