1477949990.36, 2422257.0
1477949990.5, 2447467.0
1477949990.59, 2462277.0
1477949990.68, 2480049.0
1477949990.76, 2494859.0
1477949990.87, 2514348.0
1477949990.99, 2538044.0
1477949991.08, 2553057.0
1477949991.18, 2570829.0
1477949991.33, 2599001.0
1477949991.43, 2619735.0
1477949991.53, 2637710.0
1477949991.64, 2657080.0
1477949991.72, 2669054.0
1477949991.77, 2677940.0
1477949991.82, 2683948.0
1477949991.87, 2690046.0
1477949991.92, 2691644.0
1477949991.97, 2691728.0
1477949992.02, 2693242.0
1477949992.07, 2693368.0
1477949992.12, 2693368.0
1477949992.17, 2693452.0
1477949992.22, 2693536.0
1477949992.27, 2693704.0
1477949992.32, 2693788.0
1477949992.37, 2693830.0
1477949992.42, 2693830.0
1477949992.47, 2693914.0
1477949992.52, 2693956.0
1477949992.57, 2693998.0
1477949992.62, 2694040.0
1477949992.67, 2694166.0
1477949992.73, 2694292.0
1477949992.78, 2694418.0
1477949992.83, 2694586.0
1477949992.88, 2694586.0
1477949992.93, 2694754.0
1477949992.98, 2694796.0
1477949993.03, 2694838.0
1477949993.08, 2694922.0
1477949993.13, 2694922.0
1477949993.18, 2694922.0
1477949993.23, 2696436.0
1477949993.28, 2696478.0
1477949993.33, 2703916.0
1477949993.38, 2709840.0
1477949993.43, 2709840.0
1477949993.48, 2711396.0
1477949993.53, 2714424.0
1477949993.58, 2714466.0
1477949993.63, 2722036.0
1477949993.68, 2722036.0
1477949993.74, 2723550.0
1477949993.79, 2726578.0
1477949993.84, 2726578.0
1477949993.89, 2728092.0
1477949993.94, 2728134.0
1477949993.99, 2728134.0
1477949994.04, 2728176.0
1477949994.09, 2728176.0
1477949994.14, 2728176.0
1477949994.19, 2728176.0
1477949994.24, 2728176.0
1477949994.29, 2728176.0
1477949994.34, 2728176.0
1477949994.39, 2728176.0
1477949994.44, 2728176.0
1477949994.49, 2728176.0
1477949994.54, 2728176.0
1477949994.59, 2728176.0
1477949994.64, 2728176.0
1477949994.69, 2728176.0
1477949994.74, 2728176.0
1477949994.79, 2728176.0
1477949994.84, 2728176.0
1477949994.89, 2728176.0
1477949994.94, 2728176.0
1477949994.99, 2728176.0
1477949995.04, 2729732.0
1477949995.09, 2729732.0
1477949995.14, 2729732.0
1477949995.19, 2732760.0
1477949995.24, 2732760.0
1477949995.29, 2732760.0
1477949995.34, 2732760.0
1477949995.39, 2732760.0
1477949995.44, 2732760.0
1477949995.5, 2732760.0
1477949995.55, 2732760.0
1477949995.6, 2732760.0
1477949995.65, 2732760.0
1477949995.7, 2732760.0
1477949995.75, 2732760.0
1477949995.8, 2732760.0
1477949995.85, 2732760.0
1477949995.9, 2732760.0
1477949995.95, 2732760.0
1477949996.0, 2732760.0
1477949996.05, 2732760.0
1477949996.1, 2732760.0
1477949996.15, 2732802.0
1477949996.2, 2732802.0
1477949996.25, 2732802.0
1477949996.3, 2732802.0
1477949996.35, 2732802.0
1477949996.4, 2734316.0
1477949996.45, 2734316.0
1477949996.5, 2734316.0
1477949996.55, 2734316.0
1477949996.6, 2734316.0
1477949996.65, 2734316.0
1477949996.7, 2734316.0
1477949996.75, 2734316.0
1477949996.8, 2734316.0
1477949996.85, 2734316.0
1477949996.9, 2734316.0
1477949996.95, 2734316.0
1477949997.0, 2734316.0
1477949997.05, 2734316.0
1477949997.1, 2734316.0
1477949997.16, 2734316.0
1477949997.21, 2734316.0
1477949997.26, 2734316.0
1477949997.31, 2734316.0
1477949997.36, 2734316.0
1477949997.41, 2734316.0
1477949997.46, 2734316.0
1477949997.51, 2734316.0
1477949997.56, 2735830.0
1477949997.61, 2735830.0
1477949997.66, 2735830.0
1477949997.71, 2735830.0
1477949997.76, 2735830.0
1477949997.81, 2735830.0
1477949997.86, 2735830.0
1477949997.91, 2735830.0
1477949997.96, 2735830.0
1477949998.01, 2735830.0
1477949998.06, 2735830.0
1477949998.11, 2735830.0
1477949998.16, 2735830.0
1477949998.21, 2735830.0
1477949998.26, 2735830.0
1477949998.31, 2735830.0
1477949998.36, 2735830.0
1477949998.41, 2735830.0
1477949998.46, 2735830.0
1477949998.51, 2735830.0
1477949998.56, 2735830.0
1477949998.61, 2735830.0
1477949998.67, 2735830.0
1477949998.72, 2735830.0
1477949998.77, 2737344.0
1477949998.82, 2737344.0
1477949998.87, 2738858.0
1477949998.92, 2738858.0
1477949998.97, 2738858.0
1477949999.02, 2740372.0
1477949999.07, 2740372.0
1477949999.12, 2740372.0
1477949999.17, 2741886.0
1477949999.22, 2741886.0
1477949999.27, 2741886.0
1477949999.32, 2743400.0
1477949999.37, 2743400.0
1477949999.42, 2746428.0
1477949999.47, 2746428.0
1477949999.52, 2746428.0
1477949999.57, 2747942.0
1477949999.62, 2747942.0
1477949999.67, 2747942.0
1477949999.72, 2749456.0
1477949999.77, 2749456.0
1477949999.82, 2749456.0
1477949999.87, 2749456.0
1477949999.92, 2749456.0
1477949999.97, 2749456.0
1477950000.02, 2749456.0
1477950000.07, 2749456.0
1477950000.12, 2749456.0
1477950000.17, 2749456.0
1477950000.23, 2749456.0
1477950000.28, 2749456.0
1477950000.33, 2749456.0
1477950000.38, 2749456.0
1477950000.43, 2749456.0
1477950000.48, 2749456.0
1477950000.53, 2749456.0
1477950000.58, 2749456.0
1477950000.63, 2749456.0
1477950000.68, 2749498.0
1477950000.73, 2749498.0
1477950000.78, 2749498.0
1477950000.83, 2749540.0
1477950000.88, 2751054.0
1477950000.93, 2751054.0
1477950000.98, 2752568.0
1477950001.03, 2752568.0
1477950001.08, 2752568.0
1477950001.13, 2752568.0
1477950001.18, 2752568.0
1477950001.23, 2752568.0
1477950001.28, 2752568.0
1477950001.33, 2752568.0
1477950001.38, 2752568.0
1477950001.43, 2752568.0
1477950001.48, 2752568.0
1477950001.53, 2752568.0
1477950001.58, 2752568.0
1477950001.63, 2752568.0
1477950001.68, 2752568.0
1477950001.73, 2752568.0
1477950001.78, 2752568.0
1477950001.83, 2752568.0
1477950001.88, 2752568.0
1477950001.93, 2752568.0
1477950001.99, 2752568.0
1477950002.04, 2752568.0
1477950002.09, 2752568.0
1477950002.14, 2752568.0
1477950002.19, 2752568.0
1477950002.24, 2752568.0
1477950002.29, 2752568.0
1477950002.34, 2752568.0
1477950002.39, 2752568.0
1477950002.44, 2752568.0
1477950002.49, 2752568.0
1477950002.54, 2752568.0
1477950002.59, 2752568.0
1477950002.64, 2752568.0
1477950002.69, 2752568.0
1477950002.74, 2752568.0
1477950002.79, 2752568.0
1477950002.84, 2752568.0
1477950002.89, 2752568.0
1477950002.95, 2752568.0
1477950003.0, 2752568.0
1477950003.05, 2752610.0
1477950003.1, 2752610.0
1477950003.15, 2752610.0
1477950003.2, 2752610.0
1477950003.25, 2752610.0
1477950003.3, 2752610.0
1477950003.35, 2752610.0
1477950003.4, 2752610.0
1477950003.45, 2752610.0
1477950003.5, 2752652.0
1477950003.56, 2752652.0
1477950003.61, 2752652.0
1477950003.66, 2752652.0
1477950003.71, 2752652.0
1477950003.76, 2752652.0
1477950003.81, 2752652.0
1477950003.86, 2752652.0
1477950003.91, 2752652.0
1477950003.96, 2752652.0
1477950004.02, 2752652.0
1477950004.07, 2752652.0
1477950004.12, 2752652.0
1477950004.17, 2752652.0
1477950004.23, 2752652.0
1477950004.28, 2754166.0
1477950004.33, 2754166.0
1477950004.38, 2755680.0
1477950004.43, 2755680.0
1477950004.48, 2755680.0
1477950004.53, 2755680.0
1477950004.58, 2755680.0
1477950004.63, 2755680.0
1477950004.68, 2755680.0
1477950004.73, 2755680.0
1477950004.78, 2755680.0
1477950004.83, 2755680.0
1477950004.88, 2755680.0
1477950004.93, 2755680.0
1477950004.99, 2755680.0
1477950005.04, 2755680.0
1477950005.09, 2755680.0
1477950005.14, 2755680.0
1477950005.19, 2755680.0
1477950005.24, 2755680.0
1477950005.29, 2755680.0
1477950005.34, 2755680.0
1477950005.39, 2755680.0
1477950005.44, 2755680.0
1477950005.49, 2755680.0
1477950005.54, 2755680.0
1477950005.59, 2757194.0
1477950005.64, 2757236.0
1477950005.69, 2758750.0
1477950005.74, 2758750.0
1477950005.79, 2758750.0
1477950005.84, 2760264.0
1477950005.89, 2760264.0
1477950005.94, 2761778.0
1477950005.99, 2761778.0
1477950006.04, 2761778.0
1477950006.09, 2763292.0
1477950006.14, 2763292.0
1477950006.2, 2763292.0
1477950006.25, 2766320.0
1477950006.3, 2766320.0
1477950006.35, 2766320.0
1477950006.4, 2766320.0
1477950006.45, 2766320.0
1477950006.5, 2766320.0
1477950006.55, 2766320.0
1477950006.6, 2766320.0
1477950006.65, 2766320.0
1477950006.7, 2766320.0
1477950006.75, 2766320.0
1477950006.8, 2766523.0
1477950006.85, 2766523.0
1477950006.9, 2766523.0
1477950006.96, 2766726.0
1477950007.01, 2766726.0
1477950007.06, 2766726.0
1477950007.11, 2766726.0
1477950007.16, 2766726.0
1477950007.21, 2768240.0
1477950007.26, 2768240.0
1477950007.31, 2768240.0
1477950007.36, 2768240.0
1477950007.41, 2768240.0
1477950007.46, 2768240.0
1477950007.51, 2768240.0
1477950007.57, 2768240.0
1477950007.62, 2768240.0
1477950007.67, 2768240.0
1477950007.72, 2768240.0
1477950007.77, 2768240.0
1477950007.82, 2768240.0
1477950007.87, 2768240.0
1477950007.92, 2768240.0
1477950007.97, 2768240.0
1477950008.02, 2768240.0
1477950008.07, 2768240.0
1477950008.12, 2768240.0
1477950008.17, 2768240.0
1477950008.23, 2769754.0
1477950008.28, 2769754.0
1477950008.33, 2769754.0
1477950008.38, 2769754.0
1477950008.43, 2769754.0
1477950008.48, 2769754.0
1477950008.53, 2769754.0
1477950008.58, 2769754.0
1477950008.63, 2769754.0
1477950008.68, 2769754.0
1477950008.73, 2769754.0
1477950008.78, 2769754.0
1477950008.83, 2769754.0
1477950008.88, 2769754.0
1477950008.93, 2769754.0
1477950008.98, 2769754.0
1477950009.03, 2769754.0
1477950009.08, 2769754.0
1477950009.13, 2769754.0
1477950009.18, 2769754.0
1477950009.23, 2771268.0
1477950009.28, 2771268.0
1477950009.33, 2771268.0
1477950009.38, 2771268.0
1477950009.43, 2771268.0
1477950009.48, 2771268.0
1477950009.53, 2771268.0
1477950009.58, 2771268.0
1477950009.63, 2771268.0
1477950009.68, 2771268.0
1477950009.73, 2771268.0
1477950009.78, 2771268.0
1477950009.83, 2771268.0
1477950009.88, 2771268.0
1477950009.93, 2771268.0
1477950009.98, 2771268.0
1477950010.03, 2771268.0
1477950010.08, 2771268.0
1477950010.13, 2771268.0
1477950010.19, 2772782.0
1477950010.24, 2772782.0
1477950010.29, 2772782.0
1477950010.34, 2772782.0
1477950010.39, 2772782.0
1477950010.44, 2772782.0
1477950010.49, 2772782.0
1477950010.54, 2772782.0
1477950010.59, 2772782.0
1477950010.64, 2772782.0
1477950010.69, 2772782.0
1477950010.74, 2772782.0
1477950010.79, 2772782.0
1477950010.84, 2772824.0
1477950010.89, 2772824.0
1477950010.94, 2772824.0
1477950010.99, 2772824.0
1477950011.04, 2772824.0
1477950011.09, 2772824.0
1477950011.14, 2772824.0
1477950011.19, 2774338.0
1477950011.24, 2774338.0
1477950011.29, 2774338.0
1477950011.34, 2774338.0
1477950011.39, 2774338.0
1477950011.44, 2774338.0
1477950011.49, 2774338.0
1477950011.54, 2774338.0
1477950011.59, 2774338.0
1477950011.64, 2774338.0
1477950011.69, 2774338.0
1477950011.74, 2774338.0
1477950011.79, 2774338.0
1477950011.84, 2774338.0
1477950011.89, 2774338.0
1477950011.94, 2774338.0
1477950011.99, 2774338.0
1477950012.05, 2774338.0
1477950012.1, 2774338.0
1477950012.15, 2774338.0
1477950012.2, 2775852.0
1477950012.25, 2775852.0
1477950012.3, 2775852.0
1477950012.35, 2775852.0
1477950012.4, 2775852.0
1477950012.45, 2775852.0
1477950012.5, 2775852.0
1477950012.55, 2775852.0
1477950012.6, 2775852.0
1477950012.65, 2775852.0
1477950012.7, 2775852.0
1477950012.75, 2775852.0
1477950012.8, 2775852.0
1477950012.85, 2775894.0
1477950012.9, 2775894.0
1477950012.95, 2775894.0
1477950013.0, 2775894.0
1477950013.05, 2777408.0
1477950013.1, 2777408.0
1477950013.15, 2777408.0
1477950013.2, 2777408.0
1477950013.25, 2777408.0
1477950013.3, 2777408.0
1477950013.35, 2777408.0
1477950013.4, 2777408.0
1477950013.45, 2777408.0
1477950013.5, 2777408.0
1477950013.55, 2777408.0
1477950013.6, 2777408.0
1477950013.65, 2777408.0
1477950013.7, 2777408.0
1477950013.75, 2777408.0
1477950013.8, 2777408.0
1477950013.85, 2777408.0
1477950013.9, 2778922.0
1477950013.95, 2778922.0
1477950014.0, 2778922.0
1477950014.05, 2778922.0
1477950014.1, 2778922.0
1477950014.15, 2778922.0
1477950014.21, 2778922.0
1477950014.26, 2778922.0
1477950014.31, 2778922.0
1477950014.36, 2778964.0
1477950014.41, 2778964.0
1477950014.46, 2778964.0
1477950014.51, 2778964.0
1477950014.56, 2778964.0
1477950014.61, 2778964.0
1477950014.66, 2778964.0
1477950014.71, 2778964.0
1477950014.76, 2780478.0
1477950014.81, 2780478.0
1477950014.86, 2780478.0
1477950014.91, 2780478.0
1477950014.96, 2780478.0
1477950015.01, 2780478.0
1477950015.06, 2780478.0
1477950015.11, 2780478.0
1477950015.16, 2780478.0
1477950015.21, 2780681.0
1477950015.26, 2780681.0
1477950015.31, 2780681.0
1477950015.36, 2780681.0
1477950015.41, 2780681.0
1477950015.46, 2780681.0
1477950015.51, 2782195.0
1477950015.56, 2782195.0
1477950015.61, 2782195.0
1477950015.66, 2782195.0
1477950015.71, 2782195.0
1477950015.76, 2782195.0
1477950015.81, 2782195.0
1477950015.86, 2782195.0
1477950015.91, 2782195.0
1477950015.96, 2782195.0
1477950016.01, 2782195.0
1477950016.06, 2782195.0
1477950016.11, 2782195.0
1477950016.17, 2782195.0
1477950016.22, 2782195.0
1477950016.27, 2782195.0
1477950016.32, 2783709.0
1477950016.37, 2783709.0
1477950016.42, 2783709.0
1477950016.47, 2783709.0
1477950016.52, 2783709.0
1477950016.57, 2783709.0
1477950016.62, 2783709.0
1477950016.67, 2783709.0
1477950016.72, 2783709.0
1477950016.77, 2783709.0
1477950016.82, 2783709.0
1477950016.87, 2783709.0
1477950016.92, 2783709.0
1477950016.97, 2783709.0
1477950017.02, 2783709.0
1477950017.07, 2783709.0
1477950017.12, 2783709.0
1477950017.17, 2783709.0
1477950017.22, 2783709.0
1477950017.27, 2783709.0
1477950017.32, 2783709.0
1477950017.37, 2783709.0
1477950017.42, 2783709.0
1477950017.47, 2783709.0
1477950017.52, 2783709.0
1477950017.57, 2783709.0
1477950017.62, 2783709.0
1477950017.67, 2783709.0
1477950017.72, 2783709.0
1477950017.77, 2783709.0
1477950017.82, 2783709.0
1477950017.88, 2783709.0
1477950017.93, 2783709.0
1477950017.98, 2783709.0
1477950018.03, 2783709.0
1477950018.08, 2783709.0
1477950018.13, 2783709.0
1477950018.18, 2783709.0
1477950018.23, 2783709.0
1477950018.28, 2783709.0
1477950018.33, 2785223.0
1477950018.38, 2785223.0
1477950018.43, 2785223.0
1477950018.48, 2785223.0
1477950018.53, 2785223.0
1477950018.58, 2785223.0
1477950018.63, 2785223.0
1477950018.68, 2785223.0
1477950018.73, 2785223.0
1477950018.78, 2785223.0
1477950018.83, 2785223.0
1477950018.88, 2785223.0
1477950018.93, 2785223.0
1477950018.98, 2785223.0
1477950019.03, 2786737.0
1477950019.08, 2786737.0
1477950019.13, 2786737.0
1477950019.18, 2786737.0
1477950019.23, 2786737.0
1477950019.28, 2786737.0
1477950019.33, 2786737.0
1477950019.38, 2786737.0
1477950019.43, 2786737.0
1477950019.48, 2786737.0
1477950019.53, 2786737.0
1477950019.58, 2786737.0
1477950019.63, 2786737.0
1477950019.68, 2786737.0
1477950019.73, 2786737.0
1477950019.79, 2786737.0
1477950019.84, 2786737.0
1477950019.89, 2786737.0
1477950019.94, 2786737.0
1477950019.99, 2786737.0
1477950020.04, 2786737.0
1477950020.09, 2786737.0
1477950020.14, 2786737.0
1477950020.19, 2786737.0
1477950020.24, 2786737.0
1477950020.29, 2786737.0
1477950020.34, 2786737.0
1477950020.39, 2786737.0
1477950020.44, 2786737.0
1477950020.49, 2786737.0
1477950020.54, 2786737.0
1477950020.59, 2786737.0
1477950020.64, 2786737.0
1477950020.69, 2786737.0
1477950020.74, 2786737.0
1477950020.79, 2786737.0
1477950020.84, 2786737.0
1477950020.89, 2786737.0
1477950020.95, 2786737.0
1477950021.0, 2786737.0
1477950021.05, 2786737.0
1477950021.1, 2786737.0
1477950021.15, 2786737.0
1477950021.2, 2786737.0
1477950021.25, 2786737.0
1477950021.3, 2786737.0
1477950021.35, 2786737.0
1477950021.4, 2786737.0
1477950021.45, 2786737.0
1477950021.5, 2786737.0
1477950021.55, 2786737.0
1477950021.6, 2786737.0
1477950021.65, 2786737.0
1477950021.7, 2786737.0
