1477949990.36, 24226.0
1477949990.5, 24226.0
1477949990.59, 24226.0
1477949990.68, 24226.0
1477949990.76, 24226.0
1477949990.87, 24226.0
1477949990.99, 24226.0
1477949991.08, 24429.0
1477949991.18, 24429.0
1477949991.33, 24429.0
1477949991.43, 24429.0
1477949991.53, 24632.0
1477949991.64, 24716.0
1477949991.72, 24842.0
1477949991.77, 26324.0
1477949991.82, 29372.0
1477949991.87, 32378.0
1477949991.92, 39872.0
1477949991.97, 50330.0
1477949992.02, 57740.0
1477949992.07, 66758.0
1477949992.12, 77132.0
1477949992.17, 86108.0
1477949992.22, 96566.0
1477949992.27, 105626.0
1477949992.32, 114602.0
1477949992.37, 123536.0
1477949992.42, 133910.0
1477949992.47, 142886.0
1477949992.52, 153302.0
1477949992.57, 162236.0
1477949992.62, 171170.0
1477949992.67, 181670.0
1477949992.73, 190688.0
1477949992.78, 201188.0
1477949992.83, 210248.0
1477949992.88, 219140.0
1477949992.93, 228200.0
1477949992.98, 238616.0
1477949993.03, 247550.0
1477949993.08, 256526.0
1477949993.13, 266900.0
1477949993.18, 275792.0
1477949993.23, 284684.0
1477949993.28, 293618.0
1477949993.33, 296582.0
1477949993.38, 298064.0
1477949993.43, 308438.0
1477949993.48, 315890.0
1477949993.53, 321818.0
1477949993.58, 332234.0
1477949993.63, 333716.0
1477949993.68, 342608.0
1477949993.74, 351500.0
1477949993.79, 357428.0
1477949993.84, 367802.0
1477949993.89, 375212.0
1477949993.94, 384146.0
1477949993.99, 394520.0
1477949994.04, 403454.0
1477949994.09, 412346.0
1477949994.14, 422720.0
1477949994.19, 431612.0
1477949994.24, 440504.0
1477949994.29, 450878.0
1477949994.34, 459770.0
1477949994.39, 470144.0
1477949994.44, 479036.0
1477949994.49, 487928.0
1477949994.54, 498302.0
1477949994.59, 507194.0
1477949994.64, 516086.0
1477949994.69, 526460.0
1477949994.74, 535352.0
1477949994.79, 545726.0
1477949994.84, 554618.0
1477949994.89, 563510.0
1477949994.94, 573884.0
1477949994.99, 582776.0
1477949995.04, 590228.0
1477949995.09, 600602.0
1477949995.14, 609494.0
1477949995.19, 615422.0
1477949995.24, 625796.0
1477949995.29, 634688.0
1477949995.34, 643580.0
1477949995.39, 653954.0
1477949995.44, 662846.0
1477949995.5, 671738.0
1477949995.55, 682112.0
1477949995.6, 691004.0
1477949995.65, 699896.0
1477949995.7, 710270.0
1477949995.75, 719162.0
1477949995.8, 728054.0
1477949995.85, 738428.0
1477949995.9, 747320.0
1477949995.95, 756212.0
1477949996.0, 766586.0
1477949996.05, 775478.0
1477949996.1, 785852.0
1477949996.15, 794786.0
1477949996.2, 803678.0
1477949996.25, 814052.0
1477949996.3, 822944.0
1477949996.35, 831836.0
1477949996.4, 840728.0
1477949996.45, 849620.0
1477949996.5, 858512.0
1477949996.55, 868886.0
1477949996.6, 877778.0
1477949996.65, 886670.0
1477949996.7, 897044.0
1477949996.75, 905936.0
1477949996.8, 914828.0
1477949996.85, 925202.0
1477949996.9, 934094.0
1477949996.95, 944468.0
1477949997.0, 953360.0
1477949997.05, 962252.0
1477949997.1, 972626.0
1477949997.16, 981518.0
1477949997.21, 991892.0
1477949997.26, 1000784.0
1477949997.31, 1009676.0
1477949997.36, 1020050.0
1477949997.41, 1028942.0
1477949997.46, 1037834.0
1477949997.51, 1048208.0
1477949997.56, 1055618.0
1477949997.61, 1064510.0
1477949997.66, 1074884.0
1477949997.71, 1083776.0
1477949997.76, 1094150.0
1477949997.81, 1103042.0
1477949997.86, 1111934.0
1477949997.91, 1122308.0
1477949997.96, 1131200.0
1477949998.01, 1141574.0
1477949998.06, 1150466.0
1477949998.11, 1159358.0
1477949998.16, 1169732.0
1477949998.21, 1178624.0
1477949998.26, 1187516.0
1477949998.31, 1197890.0
1477949998.36, 1206782.0
1477949998.41, 1215674.0
1477949998.46, 1226048.0
1477949998.51, 1234940.0
1477949998.56, 1245314.0
1477949998.61, 1254206.0
1477949998.67, 1263098.0
1477949998.72, 1273472.0
1477949998.77, 1280882.0
1477949998.82, 1289774.0
1477949998.87, 1298666.0
1477949998.92, 1307558.0
1477949998.97, 1316450.0
1477949999.02, 1325342.0
1477949999.07, 1334234.0
1477949999.12, 1343126.0
1477949999.17, 1352018.0
1477949999.22, 1360910.0
1477949999.27, 1369802.0
1477949999.32, 1378694.0
1477949999.37, 1387586.0
1477949999.42, 1393514.0
1477949999.47, 1403888.0
1477949999.52, 1412780.0
1477949999.57, 1421672.0
1477949999.62, 1430564.0
1477949999.67, 1439456.0
1477949999.72, 1448348.0
1477949999.77, 1457240.0
1477949999.82, 1466132.0
1477949999.87, 1476506.0
1477949999.92, 1485398.0
1477949999.97, 1494290.0
1477950000.02, 1504664.0
1477950000.07, 1513556.0
1477950000.12, 1523930.0
1477950000.17, 1532822.0
1477950000.23, 1541714.0
1477950000.28, 1552088.0
1477950000.33, 1560980.0
1477950000.38, 1571354.0
1477950000.43, 1580246.0
1477950000.48, 1589138.0
1477950000.53, 1599512.0
1477950000.58, 1608404.0
1477950000.63, 1617296.0
1477950000.68, 1627712.0
1477950000.73, 1636604.0
1477950000.78, 1646978.0
1477950000.83, 1655912.0
1477950000.88, 1663322.0
1477950000.93, 1673696.0
1477950000.98, 1681106.0
1477950001.03, 1689998.0
1477950001.08, 1700372.0
1477950001.13, 1709264.0
1477950001.18, 1718156.0
1477950001.23, 1728530.0
1477950001.28, 1737422.0
1477950001.33, 1746314.0
1477950001.38, 1756688.0
1477950001.43, 1765580.0
1477950001.48, 1774472.0
1477950001.53, 1784846.0
1477950001.58, 1793738.0
1477950001.63, 1802630.0
1477950001.68, 1813004.0
1477950001.73, 1821896.0
1477950001.78, 1830788.0
1477950001.83, 1841162.0
1477950001.88, 1850054.0
1477950001.93, 1858946.0
1477950001.99, 1869320.0
1477950002.04, 1878212.0
1477950002.09, 1888586.0
1477950002.14, 1897478.0
1477950002.19, 1907852.0
1477950002.24, 1916744.0
1477950002.29, 1927118.0
1477950002.34, 1936010.0
1477950002.39, 1944902.0
1477950002.44, 1955276.0
1477950002.49, 1964168.0
1477950002.54, 1973060.0
1477950002.59, 1983434.0
1477950002.64, 1992326.0
1477950002.69, 2002700.0
1477950002.74, 2011592.0
1477950002.79, 2020484.0
1477950002.84, 2030858.0
1477950002.89, 2039750.0
1477950002.95, 2048642.0
1477950003.0, 2059016.0
1477950003.05, 2067950.0
1477950003.1, 2078324.0
1477950003.15, 2087216.0
1477950003.2, 2096108.0
1477950003.25, 2106482.0
1477950003.3, 2115374.0
1477950003.35, 2124266.0
1477950003.4, 2134640.0
1477950003.45, 2143532.0
1477950003.5, 2152466.0
1477950003.56, 2164322.0
1477950003.61, 2174696.0
1477950003.66, 2183588.0
1477950003.71, 2192480.0
1477950003.76, 2202854.0
1477950003.81, 2211746.0
1477950003.86, 2222120.0
1477950003.91, 2231012.0
1477950003.96, 2239904.0
1477950004.02, 2250278.0
1477950004.07, 2260652.0
1477950004.12, 2269544.0
1477950004.17, 2279918.0
1477950004.23, 2288810.0
1477950004.28, 2297702.0
1477950004.33, 2306594.0
1477950004.38, 2315486.0
1477950004.43, 2324378.0
1477950004.48, 2334752.0
1477950004.53, 2343847.0
1477950004.58, 2352739.0
1477950004.63, 2363113.0
1477950004.68, 2372005.0
1477950004.73, 2382379.0
1477950004.78, 2391271.0
1477950004.83, 2400163.0
1477950004.88, 2410537.0
1477950004.93, 2419429.0
1477950004.99, 2428321.0
1477950005.04, 2438695.0
1477950005.09, 2447587.0
1477950005.14, 2457961.0
1477950005.19, 2466853.0
1477950005.24, 2475745.0
1477950005.29, 2486119.0
1477950005.34, 2495011.0
1477950005.39, 2503903.0
1477950005.44, 2514277.0
1477950005.49, 2523169.0
1477950005.54, 2532061.0
1477950005.59, 2540953.0
1477950005.64, 2549887.0
1477950005.69, 2557297.0
1477950005.74, 2567671.0
1477950005.79, 2576563.0
1477950005.84, 2583973.0
1477950005.89, 2594347.0
1477950005.94, 2601757.0
1477950005.99, 2612131.0
1477950006.04, 2621023.0
1477950006.09, 2629915.0
1477950006.14, 2638807.0
1477950006.2, 2647699.0
1477950006.25, 2655109.0
1477950006.3, 2664001.0
1477950006.35, 2674375.0
1477950006.4, 2683267.0
1477950006.45, 2692159.0
1477950006.5, 2702533.0
1477950006.55, 2711425.0
1477950006.6, 2720317.0
1477950006.65, 2730691.0
1477950006.7, 2739583.0
1477950006.75, 2749957.0
1477950006.8, 2758849.0
1477950006.85, 2769223.0
1477950006.9, 2778115.0
1477950006.96, 2788692.0
1477950007.01, 2797584.0
1477950007.06, 2807958.0
1477950007.11, 2816850.0
1477950007.16, 2827224.0
1477950007.21, 2834634.0
1477950007.26, 2843526.0
1477950007.31, 2853900.0
1477950007.36, 2862792.0
1477950007.41, 2871684.0
1477950007.46, 2882058.0
1477950007.51, 2890950.0
1477950007.57, 2901324.0
1477950007.62, 2910216.0
1477950007.67, 2919108.0
1477950007.72, 2929482.0
1477950007.77, 2938374.0
1477950007.82, 2947266.0
1477950007.87, 2957640.0
1477950007.92, 2966532.0
1477950007.97, 2976906.0
1477950008.02, 2985798.0
1477950008.07, 2996172.0
1477950008.12, 3005064.0
1477950008.17, 3015438.0
1477950008.23, 3022848.0
1477950008.28, 3031740.0
1477950008.33, 3042114.0
1477950008.38, 3051006.0
1477950008.43, 3061380.0
1477950008.48, 3070272.0
1477950008.53, 3079164.0
1477950008.58, 3089538.0
1477950008.63, 3098430.0
1477950008.68, 3107322.0
1477950008.73, 3117696.0
1477950008.78, 3126588.0
1477950008.83, 3135480.0
1477950008.88, 3145854.0
1477950008.93, 3154746.0
1477950008.98, 3165120.0
1477950009.03, 3174012.0
1477950009.08, 3182904.0
1477950009.13, 3193278.0
1477950009.18, 3202170.0
1477950009.23, 3209580.0
1477950009.28, 3219954.0
1477950009.33, 3228846.0
1477950009.38, 3237738.0
1477950009.43, 3248112.0
1477950009.48, 3257004.0
1477950009.53, 3265896.0
1477950009.58, 3276270.0
1477950009.63, 3285162.0
1477950009.68, 3294054.0
1477950009.73, 3304428.0
1477950009.78, 3313320.0
1477950009.83, 3323694.0
1477950009.88, 3332586.0
1477950009.93, 3341478.0
1477950009.98, 3351852.0
1477950010.03, 3360744.0
1477950010.08, 3369636.0
1477950010.13, 3380010.0
1477950010.19, 3387420.0
1477950010.24, 3396312.0
1477950010.29, 3406686.0
1477950010.34, 3415578.0
1477950010.39, 3424470.0
1477950010.44, 3434844.0
1477950010.49, 3443736.0
1477950010.54, 3452628.0
1477950010.59, 3463002.0
1477950010.64, 3471894.0
1477950010.69, 3482268.0
1477950010.74, 3491160.0
1477950010.79, 3500052.0
1477950010.84, 3510468.0
1477950010.89, 3519360.0
1477950010.94, 3528252.0
1477950010.99, 3538626.0
1477950011.04, 3547518.0
1477950011.09, 3556410.0
1477950011.14, 3566784.0
1477950011.19, 3574194.0
1477950011.24, 3583086.0
1477950011.29, 3593460.0
1477950011.34, 3602352.0
1477950011.39, 3612726.0
1477950011.44, 3621618.0
1477950011.49, 3630510.0
1477950011.54, 3640884.0
1477950011.59, 3649776.0
1477950011.64, 3658668.0
1477950011.69, 3669042.0
1477950011.74, 3677934.0
1477950011.79, 3686826.0
1477950011.84, 3697200.0
1477950011.89, 3706092.0
1477950011.94, 3714984.0
1477950011.99, 3725358.0
1477950012.05, 3734250.0
1477950012.1, 3744624.0
1477950012.15, 3753516.0
1477950012.2, 3760926.0
1477950012.25, 3771300.0
1477950012.3, 3780192.0
1477950012.35, 3789084.0
1477950012.4, 3799458.0
1477950012.45, 3808350.0
1477950012.5, 3817242.0
1477950012.55, 3827616.0
1477950012.6, 3836508.0
1477950012.65, 3845400.0
1477950012.7, 3855774.0
1477950012.75, 3864666.0
1477950012.8, 3875040.0
1477950012.85, 3883974.0
1477950012.9, 3892866.0
1477950012.95, 3903240.0
1477950013.0, 3912132.0
1477950013.05, 3919542.0
1477950013.1, 3929916.0
1477950013.15, 3938808.0
1477950013.2, 3947700.0
1477950013.25, 3958074.0
1477950013.3, 3966966.0
1477950013.35, 3975858.0
1477950013.4, 3986232.0
1477950013.45, 3995124.0
1477950013.5, 4004016.0
1477950013.55, 4014390.0
1477950013.6, 4023282.0
1477950013.65, 4032174.0
1477950013.7, 4042548.0
1477950013.75, 4051440.0
1477950013.8, 4061814.0
1477950013.85, 4070706.0
1477950013.9, 4078116.0
1477950013.95, 4088490.0
1477950014.0, 4097382.0
1477950014.05, 4106274.0
1477950014.1, 4116648.0
1477950014.15, 4125540.0
1477950014.21, 4134432.0
1477950014.26, 4144806.0
1477950014.31, 4153698.0
1477950014.36, 4164072.0
1477950014.41, 4172964.0
1477950014.46, 4181856.0
1477950014.51, 4192230.0
1477950014.56, 4201122.0
1477950014.61, 4210014.0
1477950014.66, 4220388.0
1477950014.71, 4229280.0
1477950014.76, 4236690.0
1477950014.81, 4247064.0
1477950014.86, 4255956.0
1477950014.91, 4264848.0
1477950014.96, 4275222.0
1477950015.01, 4284114.0
1477950015.06, 4294488.0
1477950015.11, 4303380.0
1477950015.16, 4312272.0
1477950015.21, 4321367.0
1477950015.26, 4331741.0
1477950015.31, 4340633.0
1477950015.36, 4351007.0
1477950015.41, 4359899.0
1477950015.46, 4368791.0
1477950015.51, 4377683.0
1477950015.56, 4386575.0
1477950015.61, 4395467.0
1477950015.66, 4405841.0
1477950015.71, 4414733.0
1477950015.76, 4423625.0
1477950015.81, 4433999.0
1477950015.86, 4442891.0
1477950015.91, 4451783.0
1477950015.96, 4462157.0
1477950016.01, 4471049.0
1477950016.06, 4479941.0
1477950016.11, 4490315.0
1477950016.17, 4499207.0
1477950016.22, 4509581.0
1477950016.27, 4518473.0
1477950016.32, 4525883.0
1477950016.37, 4536257.0
1477950016.42, 4545149.0
1477950016.47, 4554041.0
1477950016.52, 4564415.0
1477950016.57, 4573307.0
1477950016.62, 4582199.0
1477950016.67, 4592573.0
1477950016.72, 4601465.0
1477950016.77, 4611839.0
1477950016.82, 4620731.0
1477950016.87, 4629623.0
1477950016.92, 4639997.0
1477950016.97, 4648889.0
1477950017.02, 4657781.0
1477950017.07, 4668155.0
1477950017.12, 4677047.0
1477950017.17, 4685939.0
1477950017.22, 4696313.0
1477950017.27, 4705205.0
1477950017.32, 4715579.0
1477950017.37, 4724471.0
1477950017.42, 4733363.0
1477950017.47, 4743737.0
1477950017.52, 4752629.0
1477950017.57, 4761521.0
1477950017.62, 4771895.0
1477950017.67, 4780787.0
1477950017.72, 4789679.0
1477950017.77, 4800053.0
1477950017.82, 4808945.0
1477950017.88, 4817837.0
1477950017.93, 4828211.0
1477950017.98, 4837103.0
1477950018.03, 4847477.0
1477950018.08, 4856369.0
1477950018.13, 4865261.0
1477950018.18, 4875635.0
1477950018.23, 4884527.0
1477950018.28, 4893419.0
1477950018.33, 4902311.0
1477950018.38, 4911203.0
1477950018.43, 4921577.0
1477950018.48, 4930469.0
1477950018.53, 4939361.0
1477950018.58, 4949735.0
1477950018.63, 4958627.0
1477950018.68, 4967519.0
1477950018.73, 4977893.0
1477950018.78, 4986785.0
1477950018.83, 4995677.0
1477950018.88, 5006051.0
1477950018.93, 5014943.0
1477950018.98, 5023835.0
1477950019.03, 5032727.0
1477950019.08, 5041619.0
1477950019.13, 5050511.0
1477950019.18, 5060885.0
1477950019.23, 5069777.0
1477950019.28, 5080151.0
1477950019.33, 5089043.0
1477950019.38, 5097935.0
1477950019.43, 5108309.0
1477950019.48, 5117201.0
1477950019.53, 5126093.0
1477950019.58, 5136467.0
1477950019.63, 5145359.0
1477950019.68, 5154251.0
1477950019.73, 5164625.0
1477950019.79, 5173517.0
1477950019.84, 5182409.0
1477950019.89, 5192783.0
1477950019.94, 5203157.0
1477950019.99, 5212049.0
1477950020.04, 5220941.0
1477950020.09, 5231315.0
1477950020.14, 5240207.0
1477950020.19, 5249099.0
1477950020.24, 5259473.0
1477950020.29, 5268365.0
1477950020.34, 5277257.0
1477950020.39, 5287631.0
1477950020.44, 5296523.0
1477950020.49, 5305415.0
1477950020.54, 5315789.0
1477950020.59, 5324681.0
1477950020.64, 5335055.0
1477950020.69, 5343947.0
1477950020.74, 5352839.0
1477950020.79, 5363213.0
1477950020.84, 5372105.0
1477950020.89, 5380997.0
1477950020.95, 5391371.0
1477950021.0, 5400263.0
1477950021.05, 5410637.0
1477950021.1, 5419529.0
1477950021.15, 5429903.0
1477950021.2, 5438795.0
1477950021.25, 5447687.0
1477950021.3, 5458061.0
1477950021.35, 5466953.0
1477950021.4, 5475845.0
1477950021.45, 5486219.0
1477950021.5, 5495111.0
1477950021.55, 5504003.0
1477950021.6, 5514377.0
1477950021.65, 5523269.0
1477950021.7, 5533643.0
