1477950157.14, 1222.0
1477950157.26, 1230.0
1477950157.38, 1238.0
1477950157.49, 1244.0
1477950157.58, 1250.0
1477950157.68, 1256.0
1477950157.75, 1261.0
1477950157.86, 1268.0
1477950157.97, 1274.0
1477950158.07, 1282.0
1477950158.18, 1290.0
1477950158.3, 1297.0
1477950158.42, 1311.0
1477950158.51, 1317.0
1477950158.56, 1320.0
1477950158.61, 1322.0
1477950158.66, 1327.0
1477950158.71, 1331.0
1477950158.77, 1335.0
1477950158.82, 1338.0
1477950158.87, 1340.0
1477950158.92, 1341.0
1477950158.97, 1342.0
1477950159.02, 1343.0
1477950159.07, 1344.0
1477950159.12, 1346.0
1477950159.17, 1348.0
1477950159.22, 1350.0
1477950159.27, 1353.0
1477950159.32, 1355.0
1477950159.37, 1358.0
1477950159.42, 1358.0
1477950159.47, 1361.0
1477950159.52, 1363.0
1477950159.57, 1365.0
1477950159.62, 1367.0
1477950159.67, 1369.0
1477950159.72, 1370.0
1477950159.77, 1371.0
1477950159.82, 1374.0
1477950159.87, 1377.0
1477950159.92, 1379.0
1477950159.97, 1380.0
1477950160.03, 1380.0
1477950160.08, 1382.0
1477950160.13, 1382.0
1477950160.18, 1385.0
1477950160.23, 1385.0
1477950160.28, 1385.0
1477950160.33, 1385.0
1477950160.38, 1385.0
1477950160.43, 1385.0
1477950160.48, 1385.0
1477950160.53, 1385.0
1477950160.58, 1385.0
1477950160.63, 1385.0
1477950160.68, 1385.0
1477950160.73, 1385.0
1477950160.78, 1385.0
1477950160.83, 1385.0
1477950160.88, 1385.0
1477950160.93, 1385.0
1477950160.98, 1385.0
1477950161.03, 1385.0
1477950161.08, 1385.0
1477950161.13, 1386.0
1477950161.18, 1386.0
1477950161.23, 1386.0
1477950161.28, 1386.0
1477950161.33, 1386.0
1477950161.38, 1387.0
1477950161.44, 1387.0
1477950161.49, 1387.0
1477950161.54, 1387.0
1477950161.59, 1388.0
1477950161.64, 1388.0
1477950161.69, 1388.0
1477950161.74, 1388.0
1477950161.79, 1388.0
1477950161.84, 1388.0
1477950161.89, 1388.0
1477950161.94, 1388.0
1477950161.99, 1388.0
1477950162.04, 1388.0
1477950162.09, 1388.0
1477950162.14, 1388.0
1477950162.19, 1388.0
1477950162.24, 1388.0
1477950162.29, 1388.0
1477950162.34, 1388.0
1477950162.39, 1388.0
1477950162.44, 1388.0
1477950162.49, 1388.0
1477950162.54, 1389.0
1477950162.59, 1389.0
1477950162.64, 1389.0
1477950162.69, 1389.0
1477950162.74, 1389.0
1477950162.79, 1389.0
1477950162.84, 1389.0
1477950162.89, 1389.0
1477950162.94, 1390.0
1477950162.99, 1390.0
1477950163.04, 1390.0
1477950163.09, 1390.0
1477950163.15, 1391.0
1477950163.2, 1391.0
1477950163.25, 1391.0
1477950163.3, 1391.0
1477950163.35, 1391.0
1477950163.4, 1392.0
1477950163.45, 1392.0
1477950163.5, 1392.0
1477950163.55, 1392.0
1477950163.6, 1392.0
1477950163.65, 1392.0
1477950163.7, 1393.0
1477950163.75, 1393.0
1477950163.8, 1393.0
1477950163.85, 1393.0
1477950163.9, 1393.0
1477950163.95, 1393.0
1477950164.0, 1393.0
1477950164.05, 1393.0
1477950164.1, 1393.0
1477950164.15, 1393.0
1477950164.2, 1393.0
1477950164.25, 1393.0
1477950164.3, 1393.0
1477950164.35, 1393.0
1477950164.4, 1393.0
1477950164.45, 1393.0
1477950164.5, 1393.0
1477950164.55, 1393.0
1477950164.6, 1393.0
1477950164.65, 1393.0
1477950164.7, 1393.0
1477950164.75, 1393.0
1477950164.8, 1393.0
1477950164.85, 1393.0
1477950164.91, 1393.0
1477950164.96, 1393.0
1477950165.01, 1393.0
1477950165.06, 1393.0
1477950165.11, 1393.0
1477950165.16, 1393.0
1477950165.21, 1393.0
1477950165.26, 1393.0
1477950165.31, 1393.0
1477950165.36, 1393.0
1477950165.41, 1393.0
1477950165.46, 1393.0
1477950165.51, 1393.0
1477950165.56, 1393.0
1477950165.61, 1393.0
1477950165.66, 1393.0
1477950165.71, 1393.0
1477950165.76, 1393.0
1477950165.81, 1393.0
1477950165.86, 1393.0
1477950165.91, 1393.0
1477950165.96, 1393.0
1477950166.01, 1393.0
1477950166.06, 1393.0
1477950166.11, 1393.0
1477950166.16, 1393.0
1477950166.21, 1393.0
1477950166.26, 1393.0
1477950166.31, 1393.0
1477950166.36, 1393.0
1477950166.41, 1393.0
1477950166.46, 1393.0
1477950166.51, 1393.0
1477950166.56, 1393.0
1477950166.61, 1393.0
1477950166.66, 1393.0
1477950166.71, 1393.0
1477950166.76, 1393.0
1477950166.81, 1393.0
1477950166.86, 1393.0
1477950166.91, 1394.0
1477950166.96, 1394.0
1477950167.02, 1394.0
1477950167.07, 1394.0
1477950167.12, 1394.0
1477950167.17, 1394.0
1477950167.22, 1394.0
1477950167.27, 1394.0
1477950167.32, 1395.0
1477950167.37, 1395.0
1477950167.42, 1395.0
1477950167.47, 1395.0
1477950167.52, 1395.0
1477950167.57, 1395.0
1477950167.62, 1395.0
1477950167.67, 1395.0
1477950167.72, 1395.0
1477950167.77, 1395.0
1477950167.82, 1395.0
1477950167.87, 1395.0
1477950167.92, 1395.0
1477950167.97, 1395.0
1477950168.02, 1395.0
1477950168.07, 1395.0
1477950168.13, 1396.0
1477950168.18, 1396.0
1477950168.23, 1396.0
1477950168.28, 1397.0
1477950168.33, 1397.0
1477950168.38, 1397.0
1477950168.43, 1397.0
1477950168.49, 1397.0
1477950168.54, 1397.0
1477950168.59, 1397.0
1477950168.64, 1397.0
1477950168.69, 1397.0
1477950168.74, 1397.0
1477950168.79, 1397.0
1477950168.84, 1397.0
1477950168.89, 1397.0
1477950168.94, 1397.0
1477950168.99, 1397.0
1477950169.04, 1397.0
1477950169.09, 1397.0
1477950169.14, 1398.0
1477950169.19, 1398.0
1477950169.24, 1398.0
1477950169.29, 1398.0
1477950169.34, 1398.0
1477950169.39, 1398.0
1477950169.44, 1398.0
1477950169.49, 1398.0
1477950169.54, 1399.0
1477950169.59, 1399.0
1477950169.64, 1399.0
1477950169.69, 1399.0
1477950169.74, 1399.0
1477950169.79, 1399.0
1477950169.84, 1399.0
1477950169.89, 1399.0
1477950169.94, 1399.0
1477950169.99, 1399.0
1477950170.04, 1399.0
1477950170.09, 1399.0
1477950170.14, 1399.0
1477950170.19, 1399.0
1477950170.24, 1399.0
1477950170.3, 1399.0
1477950170.35, 1400.0
1477950170.4, 1400.0
1477950170.45, 1401.0
1477950170.5, 1401.0
1477950170.55, 1401.0
1477950170.6, 1401.0
1477950170.65, 1401.0
1477950170.7, 1401.0
1477950170.75, 1401.0
1477950170.8, 1401.0
1477950170.85, 1401.0
1477950170.9, 1401.0
1477950170.95, 1401.0
1477950171.0, 1401.0
1477950171.05, 1402.0
1477950171.1, 1402.0
1477950171.15, 1402.0
1477950171.2, 1403.0
1477950171.25, 1403.0
1477950171.3, 1403.0
1477950171.36, 1403.0
1477950171.41, 1403.0
1477950171.46, 1403.0
1477950171.51, 1403.0
1477950171.56, 1403.0
1477950171.61, 1403.0
1477950171.66, 1403.0
1477950171.71, 1403.0
1477950171.76, 1403.0
1477950171.81, 1403.0
1477950171.86, 1403.0
1477950171.91, 1403.0
1477950171.96, 1403.0
1477950172.01, 1403.0
1477950172.06, 1403.0
1477950172.11, 1403.0
1477950172.16, 1403.0
1477950172.21, 1403.0
1477950172.26, 1403.0
1477950172.31, 1403.0
1477950172.36, 1403.0
1477950172.41, 1403.0
1477950172.46, 1403.0
1477950172.51, 1403.0
1477950172.56, 1403.0
1477950172.61, 1403.0
1477950172.66, 1403.0
1477950172.71, 1403.0
1477950172.76, 1403.0
1477950172.81, 1403.0
1477950172.86, 1403.0
1477950172.91, 1403.0
1477950172.96, 1403.0
1477950173.02, 1403.0
1477950173.07, 1403.0
1477950173.12, 1403.0
1477950173.17, 1403.0
1477950173.22, 1403.0
1477950173.27, 1403.0
1477950173.32, 1403.0
1477950173.37, 1403.0
1477950173.42, 1403.0
1477950173.47, 1403.0
1477950173.52, 1403.0
1477950173.57, 1403.0
1477950173.62, 1403.0
1477950173.67, 1403.0
1477950173.72, 1403.0
1477950173.77, 1403.0
1477950173.82, 1403.0
1477950173.87, 1403.0
1477950173.92, 1403.0
1477950173.97, 1403.0
1477950174.02, 1404.0
1477950174.07, 1404.0
1477950174.12, 1404.0
1477950174.17, 1404.0
1477950174.22, 1404.0
1477950174.27, 1404.0
1477950174.32, 1404.0
1477950174.37, 1405.0
1477950174.42, 1406.0
1477950174.47, 1406.0
1477950174.52, 1406.0
1477950174.57, 1406.0
1477950174.62, 1406.0
1477950174.68, 1406.0
1477950174.73, 1406.0
1477950174.78, 1406.0
1477950174.83, 1406.0
1477950174.88, 1406.0
1477950174.93, 1406.0
1477950174.98, 1406.0
1477950175.03, 1406.0
1477950175.08, 1406.0
1477950175.13, 1406.0
1477950175.18, 1406.0
1477950175.23, 1406.0
1477950175.28, 1406.0
1477950175.33, 1406.0
1477950175.38, 1407.0
1477950175.43, 1407.0
1477950175.48, 1407.0
1477950175.53, 1407.0
1477950175.58, 1407.0
1477950175.63, 1407.0
1477950175.68, 1407.0
1477950175.73, 1407.0
1477950175.78, 1407.0
1477950175.83, 1407.0
1477950175.88, 1407.0
1477950175.93, 1407.0
1477950175.98, 1407.0
1477950176.03, 1407.0
1477950176.09, 1407.0
1477950176.14, 1407.0
1477950176.19, 1407.0
1477950176.24, 1407.0
1477950176.29, 1407.0
1477950176.34, 1407.0
1477950176.39, 1407.0
1477950176.44, 1407.0
1477950176.49, 1407.0
1477950176.54, 1407.0
1477950176.59, 1407.0
1477950176.64, 1407.0
1477950176.69, 1407.0
1477950176.74, 1407.0
1477950176.79, 1407.0
1477950176.85, 1407.0
1477950176.9, 1407.0
1477950176.95, 1407.0
1477950177.0, 1407.0
1477950177.05, 1407.0
1477950177.1, 1407.0
1477950177.15, 1407.0
1477950177.2, 1407.0
1477950177.25, 1407.0
1477950177.3, 1407.0
1477950177.35, 1407.0
1477950177.4, 1407.0
1477950177.45, 1407.0
1477950177.5, 1407.0
1477950177.55, 1407.0
1477950177.6, 1407.0
1477950177.65, 1407.0
1477950177.7, 1407.0
1477950177.75, 1407.0
1477950177.8, 1407.0
1477950177.85, 1407.0
1477950177.9, 1407.0
1477950177.95, 1407.0
1477950178.0, 1407.0
1477950178.05, 1407.0
1477950178.1, 1407.0
1477950178.15, 1407.0
1477950178.2, 1407.0
1477950178.25, 1407.0
1477950178.3, 1407.0
1477950178.35, 1407.0
1477950178.4, 1407.0
1477950178.45, 1407.0
1477950178.5, 1407.0
1477950178.55, 1408.0
1477950178.6, 1408.0
1477950178.65, 1408.0
1477950178.71, 1408.0
1477950178.76, 1408.0
1477950178.81, 1408.0
1477950178.86, 1408.0
1477950178.91, 1408.0
1477950178.96, 1408.0
1477950179.01, 1408.0
1477950179.06, 1408.0
1477950179.11, 1408.0
1477950179.16, 1408.0
1477950179.21, 1408.0
1477950179.26, 1408.0
1477950179.31, 1408.0
1477950179.36, 1408.0
1477950179.41, 1408.0
1477950179.46, 1408.0
1477950179.51, 1408.0
1477950179.56, 1408.0
1477950179.61, 1408.0
1477950179.66, 1408.0
1477950179.71, 1408.0
1477950179.76, 1408.0
1477950179.81, 1408.0
1477950179.86, 1408.0
1477950179.91, 1408.0
1477950179.96, 1408.0
1477950180.01, 1408.0
1477950180.08, 1408.0
1477950180.13, 1408.0
1477950180.19, 1408.0
1477950180.24, 1408.0
1477950180.29, 1408.0
1477950180.34, 1408.0
1477950180.39, 1408.0
1477950180.44, 1408.0
1477950180.49, 1408.0
1477950180.54, 1408.0
1477950180.59, 1408.0
1477950180.64, 1408.0
1477950180.69, 1408.0
1477950180.74, 1408.0
1477950180.79, 1408.0
1477950180.84, 1408.0
1477950180.89, 1408.0
1477950180.94, 1408.0
1477950180.99, 1408.0
1477950181.04, 1408.0
1477950181.09, 1408.0
1477950181.14, 1408.0
1477950181.19, 1408.0
1477950181.24, 1408.0
1477950181.29, 1408.0
1477950181.34, 1408.0
1477950181.39, 1408.0
1477950181.44, 1408.0
1477950181.49, 1408.0
1477950181.54, 1408.0
1477950181.6, 1408.0
1477950181.65, 1408.0
1477950181.7, 1408.0
1477950181.75, 1408.0
1477950181.8, 1408.0
1477950181.85, 1408.0
1477950181.9, 1408.0
1477950181.95, 1408.0
1477950182.0, 1408.0
1477950182.05, 1408.0
1477950182.1, 1408.0
1477950182.15, 1408.0
1477950182.2, 1408.0
1477950182.25, 1408.0
1477950182.3, 1408.0
1477950182.35, 1408.0
1477950182.4, 1408.0
1477950182.45, 1408.0
1477950182.5, 1408.0
1477950182.55, 1408.0
1477950182.6, 1408.0
1477950182.66, 1408.0
1477950182.71, 1408.0
1477950182.76, 1408.0
1477950182.81, 1408.0
1477950182.86, 1408.0
1477950182.91, 1408.0
1477950182.96, 1408.0
1477950183.01, 1408.0
1477950183.06, 1408.0
1477950183.11, 1408.0
1477950183.16, 1408.0
1477950183.21, 1408.0
1477950183.26, 1408.0
1477950183.31, 1408.0
1477950183.36, 1408.0
1477950183.41, 1408.0
1477950183.46, 1408.0
1477950183.51, 1408.0
1477950183.56, 1408.0
1477950183.61, 1408.0
1477950183.66, 1408.0
1477950183.71, 1408.0
1477950183.76, 1408.0
1477950183.81, 1408.0
1477950183.86, 1408.0
1477950183.91, 1408.0
1477950183.96, 1408.0
1477950184.01, 1408.0
1477950184.06, 1408.0
1477950184.11, 1408.0
1477950184.16, 1408.0
1477950184.21, 1408.0
1477950184.26, 1408.0
1477950184.31, 1408.0
1477950184.36, 1408.0
1477950184.41, 1408.0
1477950184.46, 1408.0
1477950184.51, 1408.0
1477950184.57, 1408.0
1477950184.62, 1408.0
1477950184.67, 1408.0
1477950184.72, 1408.0
1477950184.77, 1408.0
1477950184.82, 1408.0
1477950184.87, 1408.0
1477950184.92, 1408.0
1477950184.97, 1408.0
1477950185.02, 1408.0
1477950185.07, 1408.0
1477950185.12, 1408.0
1477950185.17, 1408.0
1477950185.22, 1408.0
1477950185.27, 1408.0
1477950185.32, 1408.0
1477950185.37, 1408.0
1477950185.42, 1408.0
1477950185.47, 1408.0
1477950185.52, 1408.0
1477950185.57, 1408.0
1477950185.62, 1408.0
1477950185.67, 1408.0
1477950185.72, 1408.0
1477950185.77, 1408.0
1477950185.82, 1408.0
1477950185.87, 1408.0
1477950185.92, 1408.0
1477950185.97, 1409.0
1477950186.02, 1409.0
1477950186.07, 1409.0
1477950186.12, 1409.0
1477950186.17, 1409.0
1477950186.22, 1409.0
1477950186.27, 1409.0
1477950186.32, 1409.0
1477950186.37, 1409.0
1477950186.43, 1409.0
1477950186.48, 1409.0
1477950186.53, 1409.0
1477950186.58, 1409.0
1477950186.63, 1409.0
1477950186.68, 1409.0
1477950186.73, 1409.0
1477950186.78, 1409.0
1477950186.83, 1409.0
1477950186.88, 1409.0
1477950186.93, 1409.0
1477950186.98, 1409.0
1477950187.03, 1409.0
1477950187.08, 1409.0
1477950187.13, 1410.0
1477950187.18, 1410.0
1477950187.23, 1410.0
1477950187.28, 1410.0
1477950187.33, 1410.0
1477950187.38, 1410.0
1477950187.43, 1410.0
1477950187.48, 1410.0
1477950187.53, 1410.0
1477950187.58, 1410.0
1477950187.64, 1410.0
1477950187.69, 1410.0
1477950187.74, 1410.0
1477950187.79, 1410.0
1477950187.84, 1410.0
1477950187.89, 1410.0
1477950187.94, 1410.0
1477950187.99, 1410.0
1477950188.04, 1410.0
1477950188.09, 1410.0
1477950188.14, 1410.0
1477950188.19, 1410.0
1477950188.24, 1410.0
1477950188.29, 1410.0
1477950188.34, 1410.0
1477950188.39, 1410.0
1477950188.44, 1410.0
1477950188.49, 1410.0
