1477950157.14, 2670746.0
1477950157.26, 2691480.0
1477950157.38, 2712214.0
1477950157.49, 2734462.0
1477950157.58, 2749272.0
1477950157.68, 2770006.0
1477950157.75, 2781854.0
1477950157.86, 2801140.0
1477950157.97, 2821874.0
1477950158.07, 2842608.0
1477950158.18, 2860446.0
1477950158.3, 2884142.0
1477950158.42, 2904876.0
1477950158.51, 2919686.0
1477950158.56, 2928572.0
1477950158.61, 2931600.0
1477950158.66, 2934628.0
1477950158.71, 2937656.0
1477950158.77, 2946740.0
1477950158.82, 2955758.0
1477950158.87, 2955758.0
1477950158.92, 2955758.0
1477950158.97, 2955758.0
1477950159.02, 2955758.0
1477950159.07, 2955758.0
1477950159.12, 2955758.0
1477950159.17, 2955758.0
1477950159.22, 2955758.0
1477950159.27, 2955758.0
1477950159.32, 2955758.0
1477950159.37, 2955758.0
1477950159.42, 2955758.0
1477950159.47, 2955758.0
1477950159.52, 2955758.0
1477950159.57, 2955758.0
1477950159.62, 2955758.0
1477950159.67, 2955758.0
1477950159.72, 2955758.0
1477950159.77, 2955758.0
1477950159.82, 2955758.0
1477950159.87, 2957272.0
1477950159.92, 2957272.0
1477950159.97, 2960300.0
1477950160.03, 2960300.0
1477950160.08, 2964842.0
1477950160.13, 2964842.0
1477950160.18, 2969384.0
1477950160.23, 2972412.0
1477950160.28, 2972412.0
1477950160.33, 2972412.0
1477950160.38, 2972412.0
1477950160.43, 2972412.0
1477950160.48, 2972412.0
1477950160.53, 2972412.0
1477950160.58, 2972412.0
1477950160.63, 2972412.0
1477950160.68, 2972412.0
1477950160.73, 2972412.0
1477950160.78, 2972412.0
1477950160.83, 2972412.0
1477950160.88, 2972412.0
1477950160.93, 2972412.0
1477950160.98, 2972412.0
1477950161.03, 2972412.0
1477950161.08, 2972412.0
1477950161.13, 2972412.0
1477950161.18, 2972412.0
1477950161.23, 2973926.0
1477950161.28, 2973926.0
1477950161.33, 2973926.0
1477950161.38, 2976954.0
1477950161.44, 2976954.0
1477950161.49, 2976954.0
1477950161.54, 2976954.0
1477950161.59, 2976954.0
1477950161.64, 2976954.0
1477950161.69, 2976954.0
1477950161.74, 2976954.0
1477950161.79, 2976954.0
1477950161.84, 2976954.0
1477950161.89, 2976954.0
1477950161.94, 2976954.0
1477950161.99, 2976954.0
1477950162.04, 2976954.0
1477950162.09, 2976954.0
1477950162.14, 2976954.0
1477950162.19, 2976954.0
1477950162.24, 2976954.0
1477950162.29, 2976954.0
1477950162.34, 2976954.0
1477950162.39, 2978468.0
1477950162.44, 2978468.0
1477950162.49, 2978468.0
1477950162.54, 2981496.0
1477950162.59, 2981496.0
1477950162.64, 2981496.0
1477950162.69, 2981496.0
1477950162.74, 2981496.0
1477950162.79, 2981496.0
1477950162.84, 2981496.0
1477950162.89, 2981496.0
1477950162.94, 2981496.0
1477950162.99, 2981496.0
1477950163.04, 2981496.0
1477950163.09, 2981496.0
1477950163.15, 2981496.0
1477950163.2, 2981496.0
1477950163.25, 2981496.0
1477950163.3, 2981496.0
1477950163.35, 2981496.0
1477950163.4, 2981496.0
1477950163.45, 2981496.0
1477950163.5, 2981496.0
1477950163.55, 2983010.0
1477950163.6, 2983010.0
1477950163.65, 2983010.0
1477950163.7, 2986038.0
1477950163.75, 2986038.0
1477950163.8, 2986038.0
1477950163.85, 2986038.0
1477950163.9, 2986038.0
1477950163.95, 2986038.0
1477950164.0, 2986038.0
1477950164.05, 2986038.0
1477950164.1, 2986038.0
1477950164.15, 2986038.0
1477950164.2, 2986038.0
1477950164.25, 2986038.0
1477950164.3, 2986038.0
1477950164.35, 2986038.0
1477950164.4, 2986038.0
1477950164.45, 2986038.0
1477950164.5, 2986038.0
1477950164.55, 2986038.0
1477950164.6, 2986038.0
1477950164.65, 2986038.0
1477950164.7, 2987552.0
1477950164.75, 2987552.0
1477950164.8, 2987552.0
1477950164.85, 2987552.0
1477950164.91, 2987552.0
1477950164.96, 2987552.0
1477950165.01, 2987552.0
1477950165.06, 2987552.0
1477950165.11, 2987552.0
1477950165.16, 2987552.0
1477950165.21, 2987552.0
1477950165.26, 2987552.0
1477950165.31, 2987552.0
1477950165.36, 2987552.0
1477950165.41, 2987552.0
1477950165.46, 2987552.0
1477950165.51, 2987552.0
1477950165.56, 2987552.0
1477950165.61, 2987552.0
1477950165.66, 2987552.0
1477950165.71, 2987552.0
1477950165.76, 2987552.0
1477950165.81, 2987552.0
1477950165.86, 2987552.0
1477950165.91, 2987552.0
1477950165.96, 2987552.0
1477950166.01, 2987552.0
1477950166.06, 2987552.0
1477950166.11, 2987552.0
1477950166.16, 2987552.0
1477950166.21, 2987552.0
1477950166.26, 2987552.0
1477950166.31, 2987552.0
1477950166.36, 2987552.0
1477950166.41, 2987552.0
1477950166.46, 2987552.0
1477950166.51, 2987552.0
1477950166.56, 2987552.0
1477950166.61, 2987552.0
1477950166.66, 2987552.0
1477950166.71, 2987552.0
1477950166.76, 2987552.0
1477950166.81, 2989066.0
1477950166.86, 2989066.0
1477950166.91, 2989066.0
1477950166.96, 2989066.0
1477950167.02, 2989066.0
1477950167.07, 2989066.0
1477950167.12, 2989066.0
1477950167.17, 2989066.0
1477950167.22, 2989066.0
1477950167.27, 2989066.0
1477950167.32, 2989066.0
1477950167.37, 2989066.0
1477950167.42, 2989066.0
1477950167.47, 2989066.0
1477950167.52, 2989066.0
1477950167.57, 2989066.0
1477950167.62, 2989066.0
1477950167.67, 2989066.0
1477950167.72, 2989066.0
1477950167.77, 2989066.0
1477950167.82, 2989066.0
1477950167.87, 2989066.0
1477950167.92, 2989066.0
1477950167.97, 2989066.0
1477950168.02, 2989066.0
1477950168.07, 2989066.0
1477950168.13, 2989066.0
1477950168.18, 2989066.0
1477950168.23, 2989066.0
1477950168.28, 2989066.0
1477950168.33, 2989066.0
1477950168.38, 2989066.0
1477950168.43, 2989066.0
1477950168.49, 2989066.0
1477950168.54, 2989066.0
1477950168.59, 2989066.0
1477950168.64, 2989066.0
1477950168.69, 2989066.0
1477950168.74, 2989066.0
1477950168.79, 2989066.0
1477950168.84, 2989066.0
1477950168.89, 2989066.0
1477950168.94, 2989066.0
1477950168.99, 2989066.0
1477950169.04, 2989066.0
1477950169.09, 2989066.0
1477950169.14, 2989066.0
1477950169.19, 2989066.0
1477950169.24, 2989066.0
1477950169.29, 2989066.0
1477950169.34, 2989066.0
1477950169.39, 2989066.0
1477950169.44, 2989066.0
1477950169.49, 2989066.0
1477950169.54, 2989066.0
1477950169.59, 2989066.0
1477950169.64, 2989066.0
1477950169.69, 2989066.0
1477950169.74, 2989066.0
1477950169.79, 2989066.0
1477950169.84, 2989066.0
1477950169.89, 2989066.0
1477950169.94, 2989066.0
1477950169.99, 2989066.0
1477950170.04, 2989066.0
1477950170.09, 2989066.0
1477950170.14, 2989066.0
1477950170.19, 2989066.0
1477950170.24, 2989066.0
1477950170.3, 2989066.0
1477950170.35, 2989066.0
1477950170.4, 2989066.0
1477950170.45, 2989066.0
1477950170.5, 2989066.0
1477950170.55, 2989066.0
1477950170.6, 2989066.0
1477950170.65, 2989066.0
1477950170.7, 2989066.0
1477950170.75, 2989066.0
1477950170.8, 2989066.0
1477950170.85, 2989066.0
1477950170.9, 2989066.0
1477950170.95, 2990580.0
1477950171.0, 2990580.0
1477950171.05, 2993608.0
1477950171.1, 2993608.0
1477950171.15, 2993608.0
1477950171.2, 2995122.0
1477950171.25, 2995122.0
1477950171.3, 2995122.0
1477950171.36, 2995122.0
1477950171.41, 2995122.0
1477950171.46, 2995122.0
1477950171.51, 2995122.0
1477950171.56, 2995122.0
1477950171.61, 2995122.0
1477950171.66, 2995122.0
1477950171.71, 2995122.0
1477950171.76, 2995122.0
1477950171.81, 2995122.0
1477950171.86, 2995122.0
1477950171.91, 2995122.0
1477950171.96, 2995122.0
1477950172.01, 2995122.0
1477950172.06, 2995122.0
1477950172.11, 2995122.0
1477950172.16, 2995122.0
1477950172.21, 2995122.0
1477950172.26, 2996636.0
1477950172.31, 2996636.0
1477950172.36, 2996636.0
1477950172.41, 2996636.0
1477950172.46, 2996636.0
1477950172.51, 2996636.0
1477950172.56, 2996636.0
1477950172.61, 2996636.0
1477950172.66, 2996636.0
1477950172.71, 2996636.0
1477950172.76, 2996636.0
1477950172.81, 2996636.0
1477950172.86, 2996636.0
1477950172.91, 2996636.0
1477950172.96, 2996636.0
1477950173.02, 2996636.0
1477950173.07, 2996636.0
1477950173.12, 2996636.0
1477950173.17, 2996636.0
1477950173.22, 2996636.0
1477950173.27, 2996636.0
1477950173.32, 2996636.0
1477950173.37, 2996636.0
1477950173.42, 2996636.0
1477950173.47, 2996636.0
1477950173.52, 2996636.0
1477950173.57, 2996636.0
1477950173.62, 2996636.0
1477950173.67, 2996636.0
1477950173.72, 2996636.0
1477950173.77, 2996636.0
1477950173.82, 2996636.0
1477950173.87, 2996636.0
1477950173.92, 2996636.0
1477950173.97, 2996636.0
1477950174.02, 2996636.0
1477950174.07, 2996636.0
1477950174.12, 2996636.0
1477950174.17, 2996636.0
1477950174.22, 2996636.0
1477950174.27, 2996636.0
1477950174.32, 2998150.0
1477950174.37, 2998150.0
1477950174.42, 2998150.0
1477950174.47, 2998150.0
1477950174.52, 2998150.0
1477950174.57, 2998150.0
1477950174.62, 2998150.0
1477950174.68, 2998150.0
1477950174.73, 2998150.0
1477950174.78, 2998150.0
1477950174.83, 2998150.0
1477950174.88, 2998150.0
1477950174.93, 2998150.0
1477950174.98, 2998150.0
1477950175.03, 2998150.0
1477950175.08, 2998150.0
1477950175.13, 2998150.0
1477950175.18, 2998150.0
1477950175.23, 2998150.0
1477950175.28, 2998150.0
1477950175.33, 2998150.0
1477950175.38, 2998150.0
1477950175.43, 2998150.0
1477950175.48, 2998150.0
1477950175.53, 2998150.0
1477950175.58, 2998150.0
1477950175.63, 2998150.0
1477950175.68, 2998150.0
1477950175.73, 2998150.0
1477950175.78, 2998150.0
1477950175.83, 2998150.0
1477950175.88, 2998150.0
1477950175.93, 2998150.0
1477950175.98, 2998150.0
1477950176.03, 2998150.0
1477950176.09, 2998150.0
1477950176.14, 2998150.0
1477950176.19, 2998150.0
1477950176.24, 2998150.0
1477950176.29, 2998150.0
1477950176.34, 2998150.0
1477950176.39, 2998150.0
1477950176.44, 2998150.0
1477950176.49, 2998150.0
1477950176.54, 2998150.0
1477950176.59, 2998150.0
1477950176.64, 2998150.0
1477950176.69, 2998150.0
1477950176.74, 2998150.0
1477950176.79, 2998150.0
1477950176.85, 2998150.0
1477950176.9, 2998150.0
1477950176.95, 2998150.0
1477950177.0, 2998150.0
1477950177.05, 2998150.0
1477950177.1, 2998150.0
1477950177.15, 2998150.0
1477950177.2, 2998150.0
1477950177.25, 2998150.0
1477950177.3, 2998150.0
1477950177.35, 2998150.0
1477950177.4, 2998150.0
1477950177.45, 2998150.0
1477950177.5, 2998150.0
1477950177.55, 2998150.0
1477950177.6, 2998150.0
1477950177.65, 2998150.0
1477950177.7, 2998150.0
1477950177.75, 2998150.0
1477950177.8, 2998150.0
1477950177.85, 2998150.0
1477950177.9, 2998150.0
1477950177.95, 2998150.0
1477950178.0, 2998150.0
1477950178.05, 2998150.0
1477950178.1, 2998150.0
1477950178.15, 2998150.0
1477950178.2, 2998150.0
1477950178.25, 2998150.0
1477950178.3, 2998150.0
1477950178.35, 2998150.0
1477950178.4, 2998150.0
1477950178.45, 2999664.0
1477950178.5, 2999664.0
1477950178.55, 2999664.0
1477950178.6, 3002692.0
1477950178.65, 3002692.0
1477950178.71, 3002692.0
1477950178.76, 3002692.0
1477950178.81, 3002692.0
1477950178.86, 3002692.0
1477950178.91, 3002692.0
1477950178.96, 3002692.0
1477950179.01, 3002692.0
1477950179.06, 3002692.0
1477950179.11, 3002692.0
1477950179.16, 3002692.0
1477950179.21, 3002692.0
1477950179.26, 3002692.0
1477950179.31, 3002692.0
1477950179.36, 3002692.0
1477950179.41, 3002692.0
1477950179.46, 3002692.0
1477950179.51, 3002692.0
1477950179.56, 3002692.0
1477950179.61, 3004206.0
1477950179.66, 3004206.0
1477950179.71, 3004206.0
1477950179.76, 3004206.0
1477950179.81, 3004206.0
1477950179.86, 3004206.0
1477950179.91, 3004206.0
1477950179.96, 3004206.0
1477950180.01, 3004206.0
1477950180.08, 3004206.0
1477950180.13, 3004206.0
1477950180.19, 3004206.0
1477950180.24, 3004206.0
1477950180.29, 3004206.0
1477950180.34, 3004206.0
1477950180.39, 3004206.0
1477950180.44, 3004206.0
1477950180.49, 3004206.0
1477950180.54, 3004206.0
1477950180.59, 3004206.0
1477950180.64, 3004206.0
1477950180.69, 3004206.0
1477950180.74, 3004206.0
1477950180.79, 3004206.0
1477950180.84, 3004206.0
1477950180.89, 3004206.0
1477950180.94, 3004206.0
1477950180.99, 3004206.0
1477950181.04, 3004206.0
1477950181.09, 3004206.0
1477950181.14, 3004206.0
1477950181.19, 3004206.0
1477950181.24, 3004206.0
1477950181.29, 3004206.0
1477950181.34, 3004206.0
1477950181.39, 3004206.0
1477950181.44, 3004206.0
1477950181.49, 3004206.0
1477950181.54, 3004206.0
1477950181.6, 3004206.0
1477950181.65, 3004206.0
1477950181.7, 3005720.0
1477950181.75, 3005720.0
1477950181.8, 3005720.0
1477950181.85, 3005720.0
1477950181.9, 3005720.0
1477950181.95, 3005720.0
1477950182.0, 3005720.0
1477950182.05, 3005720.0
1477950182.1, 3005720.0
1477950182.15, 3005720.0
1477950182.2, 3005720.0
1477950182.25, 3005720.0
1477950182.3, 3005720.0
1477950182.35, 3005720.0
1477950182.4, 3005720.0
1477950182.45, 3005720.0
1477950182.5, 3005720.0
1477950182.55, 3005720.0
1477950182.6, 3005720.0
1477950182.66, 3005720.0
1477950182.71, 3005720.0
1477950182.76, 3005720.0
1477950182.81, 3005720.0
1477950182.86, 3005720.0
1477950182.91, 3005720.0
1477950182.96, 3005720.0
1477950183.01, 3005720.0
1477950183.06, 3005720.0
1477950183.11, 3005720.0
1477950183.16, 3005720.0
1477950183.21, 3005720.0
1477950183.26, 3005720.0
1477950183.31, 3005720.0
1477950183.36, 3005720.0
1477950183.41, 3005720.0
1477950183.46, 3005720.0
1477950183.51, 3005720.0
1477950183.56, 3005720.0
1477950183.61, 3005720.0
1477950183.66, 3005720.0
1477950183.71, 3005720.0
1477950183.76, 3005720.0
1477950183.81, 3005720.0
1477950183.86, 3005720.0
1477950183.91, 3005720.0
1477950183.96, 3005720.0
1477950184.01, 3005720.0
1477950184.06, 3005720.0
1477950184.11, 3005720.0
1477950184.16, 3005720.0
1477950184.21, 3005720.0
1477950184.26, 3005720.0
1477950184.31, 3005720.0
1477950184.36, 3005720.0
1477950184.41, 3005720.0
1477950184.46, 3005720.0
1477950184.51, 3005720.0
1477950184.57, 3005720.0
1477950184.62, 3005720.0
1477950184.67, 3005720.0
1477950184.72, 3005720.0
1477950184.77, 3005720.0
1477950184.82, 3005720.0
1477950184.87, 3005720.0
1477950184.92, 3005720.0
1477950184.97, 3005720.0
1477950185.02, 3005720.0
1477950185.07, 3005720.0
1477950185.12, 3005720.0
1477950185.17, 3005720.0
1477950185.22, 3005720.0
1477950185.27, 3005720.0
1477950185.32, 3005720.0
1477950185.37, 3005720.0
1477950185.42, 3005720.0
1477950185.47, 3005720.0
1477950185.52, 3005720.0
1477950185.57, 3005720.0
1477950185.62, 3005720.0
1477950185.67, 3005720.0
1477950185.72, 3005720.0
1477950185.77, 3005720.0
1477950185.82, 3007234.0
1477950185.87, 3007234.0
1477950185.92, 3007234.0
1477950185.97, 3010262.0
1477950186.02, 3010262.0
1477950186.07, 3010262.0
1477950186.12, 3010262.0
1477950186.17, 3010262.0
1477950186.22, 3010262.0
1477950186.27, 3010262.0
1477950186.32, 3010262.0
1477950186.37, 3010262.0
1477950186.43, 3010262.0
1477950186.48, 3010262.0
1477950186.53, 3010262.0
1477950186.58, 3010262.0
1477950186.63, 3010262.0
1477950186.68, 3010262.0
1477950186.73, 3010262.0
1477950186.78, 3010262.0
1477950186.83, 3010262.0
1477950186.88, 3010262.0
1477950186.93, 3010262.0
1477950186.98, 3011776.0
1477950187.03, 3011776.0
1477950187.08, 3011776.0
1477950187.13, 3014804.0
1477950187.18, 3014804.0
1477950187.23, 3014804.0
1477950187.28, 3014804.0
1477950187.33, 3014804.0
1477950187.38, 3014804.0
1477950187.43, 3014804.0
1477950187.48, 3014804.0
1477950187.53, 3014804.0
1477950187.58, 3014804.0
1477950187.64, 3014804.0
1477950187.69, 3014804.0
1477950187.74, 3014804.0
1477950187.79, 3014804.0
1477950187.84, 3014804.0
1477950187.89, 3014804.0
1477950187.94, 3014804.0
1477950187.99, 3014804.0
1477950188.04, 3014804.0
1477950188.09, 3014804.0
1477950188.14, 3014804.0
1477950188.19, 3016318.0
1477950188.24, 3016318.0
1477950188.29, 3016318.0
1477950188.34, 3016318.0
1477950188.39, 3016318.0
1477950188.44, 3016318.0
1477950188.49, 3016318.0
