1477950157.14, 23453.0
1477950157.26, 23453.0
1477950157.38, 23453.0
1477950157.49, 23453.0
1477950157.58, 23453.0
1477950157.68, 23453.0
1477950157.75, 23453.0
1477950157.86, 23453.0
1477950157.97, 23453.0
1477950158.07, 23656.0
1477950158.18, 23859.0
1477950158.3, 23859.0
1477950158.42, 24069.0
1477950158.51, 25551.0
1477950158.56, 28557.0
1477950158.61, 34527.0
1477950158.66, 40623.0
1477950158.71, 45153.0
1477950158.77, 51165.0
1477950158.82, 57093.0
1477950158.87, 66069.0
1477950158.92, 75003.0
1477950158.97, 85419.0
1477950159.02, 94353.0
1477950159.07, 103287.0
1477950159.12, 113745.0
1477950159.17, 122721.0
1477950159.22, 131697.0
1477950159.27, 142197.0
1477950159.32, 151173.0
1477950159.37, 160191.0
1477950159.42, 170565.0
1477950159.47, 179583.0
1477950159.52, 188559.0
1477950159.57, 199017.0
1477950159.62, 206511.0
1477950159.67, 216969.0
1477950159.72, 227385.0
1477950159.77, 236319.0
1477950159.82, 245337.0
1477950159.87, 255837.0
1477950159.92, 264813.0
1477950159.97, 272223.0
1477950160.03, 282597.0
1477950160.08, 288525.0
1477950160.13, 297417.0
1477950160.18, 303345.0
1477950160.23, 312237.0
1477950160.28, 321129.0
1477950160.33, 331503.0
1477950160.38, 340395.0
1477950160.43, 349287.0
1477950160.48, 359661.0
1477950160.53, 368553.0
1477950160.58, 378927.0
1477950160.63, 387819.0
1477950160.68, 396711.0
1477950160.73, 407085.0
1477950160.78, 415977.0
1477950160.83, 426351.0
1477950160.88, 435243.0
1477950160.93, 444135.0
1477950160.98, 454509.0
1477950161.03, 463401.0
1477950161.08, 472293.0
1477950161.13, 482709.0
1477950161.18, 491601.0
1477950161.23, 500493.0
1477950161.28, 510867.0
1477950161.33, 519759.0
1477950161.38, 528651.0
1477950161.44, 537543.0
1477950161.49, 546435.0
1477950161.54, 556809.0
1477950161.59, 565743.0
1477950161.64, 574635.0
1477950161.69, 585009.0
1477950161.74, 593901.0
1477950161.79, 602793.0
1477950161.84, 613167.0
1477950161.89, 622059.0
1477950161.94, 630951.0
1477950161.99, 641325.0
1477950162.04, 650217.0
1477950162.09, 660591.0
1477950162.14, 669483.0
1477950162.19, 678375.0
1477950162.24, 688749.0
1477950162.29, 697641.0
1477950162.34, 706533.0
1477950162.39, 716907.0
1477950162.44, 725799.0
1477950162.49, 736173.0
1477950162.54, 743583.0
1477950162.59, 752475.0
1477950162.64, 762849.0
1477950162.69, 771741.0
1477950162.74, 780633.0
1477950162.79, 791007.0
1477950162.84, 799899.0
1477950162.89, 808791.0
1477950162.94, 819207.0
1477950162.99, 828099.0
1477950163.04, 836991.0
1477950163.09, 847365.0
1477950163.15, 856299.0
1477950163.2, 866673.0
1477950163.25, 875565.0
1477950163.3, 884457.0
1477950163.35, 894831.0
1477950163.4, 903765.0
1477950163.45, 914139.0
1477950163.5, 923031.0
1477950163.55, 931923.0
1477950163.6, 942297.0
1477950163.65, 951189.0
1477950163.7, 958599.0
1477950163.75, 968973.0
1477950163.8, 977865.0
1477950163.85, 986757.0
1477950163.9, 997131.0
1477950163.95, 1006023.0
1477950164.0, 1014915.0
1477950164.05, 1025289.0
1477950164.1, 1034181.0
1477950164.15, 1043073.0
1477950164.2, 1053447.0
1477950164.25, 1062339.0
1477950164.3, 1071231.0
1477950164.35, 1081605.0
1477950164.4, 1090497.0
1477950164.45, 1099389.0
1477950164.5, 1109763.0
1477950164.55, 1118655.0
1477950164.6, 1129029.0
1477950164.65, 1137921.0
1477950164.7, 1146813.0
1477950164.75, 1157187.0
1477950164.8, 1166079.0
1477950164.85, 1174971.0
1477950164.91, 1185345.0
1477950164.96, 1194237.0
1477950165.01, 1204611.0
1477950165.06, 1213503.0
1477950165.11, 1222395.0
1477950165.16, 1232769.0
1477950165.21, 1241661.0
1477950165.26, 1250553.0
1477950165.31, 1260927.0
1477950165.36, 1269819.0
1477950165.41, 1278711.0
1477950165.46, 1289085.0
1477950165.51, 1297977.0
1477950165.56, 1306869.0
1477950165.61, 1317243.0
1477950165.66, 1326135.0
1477950165.71, 1336509.0
1477950165.76, 1345401.0
1477950165.81, 1354293.0
1477950165.86, 1364667.0
1477950165.91, 1373559.0
1477950165.96, 1382451.0
1477950166.01, 1392825.0
1477950166.06, 1401717.0
1477950166.11, 1410609.0
1477950166.16, 1420983.0
1477950166.21, 1429875.0
1477950166.26, 1438767.0
1477950166.31, 1449141.0
1477950166.36, 1458033.0
1477950166.41, 1466925.0
1477950166.46, 1477299.0
1477950166.51, 1486191.0
1477950166.56, 1496565.0
1477950166.61, 1505457.0
1477950166.66, 1514349.0
1477950166.71, 1524723.0
1477950166.76, 1533615.0
1477950166.81, 1542507.0
1477950166.86, 1552881.0
1477950166.91, 1561815.0
1477950166.96, 1570707.0
1477950167.02, 1581081.0
1477950167.07, 1589973.0
1477950167.12, 1600347.0
1477950167.17, 1609239.0
1477950167.22, 1618131.0
1477950167.27, 1628505.0
1477950167.32, 1637439.0
1477950167.37, 1646331.0
1477950167.42, 1656705.0
1477950167.47, 1665597.0
1477950167.52, 1674489.0
1477950167.57, 1684863.0
1477950167.62, 1693755.0
1477950167.67, 1702647.0
1477950167.72, 1713021.0
1477950167.77, 1721913.0
1477950167.82, 1730805.0
1477950167.87, 1741179.0
1477950167.92, 1750071.0
1477950167.97, 1758963.0
1477950168.02, 1769337.0
1477950168.07, 1778229.0
1477950168.13, 1788645.0
1477950168.18, 1799019.0
1477950168.23, 1809393.0
1477950168.28, 1818327.0
1477950168.33, 1827219.0
1477950168.38, 1837593.0
1477950168.43, 1846485.0
1477950168.49, 1856859.0
1477950168.54, 1865751.0
1477950168.59, 1874643.0
1477950168.64, 1885017.0
1477950168.69, 1893909.0
1477950168.74, 1902801.0
1477950168.79, 1913175.0
1477950168.84, 1922067.0
1477950168.89, 1930959.0
1477950168.94, 1941333.0
1477950168.99, 1950225.0
1477950169.04, 1959117.0
1477950169.09, 1969491.0
1477950169.14, 1978425.0
1477950169.19, 1987317.0
1477950169.24, 1997691.0
1477950169.29, 2006583.0
1477950169.34, 2016957.0
1477950169.39, 2025849.0
1477950169.44, 2034741.0
1477950169.49, 2045115.0
1477950169.54, 2054049.0
1477950169.59, 2062941.0
1477950169.64, 2073315.0
1477950169.69, 2082207.0
1477950169.74, 2091099.0
1477950169.79, 2101473.0
1477950169.84, 2110365.0
1477950169.89, 2119257.0
1477950169.94, 2129631.0
1477950169.99, 2138523.0
1477950170.04, 2147415.0
1477950170.09, 2157789.0
1477950170.14, 2166681.0
1477950170.19, 2177055.0
1477950170.24, 2185947.0
1477950170.3, 2196321.0
1477950170.35, 2205255.0
1477950170.4, 2214147.0
1477950170.45, 2224563.0
1477950170.5, 2233455.0
1477950170.55, 2242347.0
1477950170.6, 2252721.0
1477950170.65, 2261613.0
1477950170.7, 2270505.0
1477950170.75, 2280879.0
1477950170.8, 2289771.0
1477950170.85, 2300145.0
1477950170.9, 2309037.0
1477950170.95, 2319411.0
1477950171.0, 2328303.0
1477950171.05, 2335713.0
1477950171.1, 2346087.0
1477950171.15, 2354979.0
1477950171.2, 2362389.0
1477950171.25, 2372763.0
1477950171.3, 2381655.0
1477950171.36, 2392029.0
1477950171.41, 2400921.0
1477950171.46, 2409813.0
1477950171.51, 2420187.0
1477950171.56, 2429079.0
1477950171.61, 2437971.0
1477950171.66, 2448345.0
1477950171.71, 2457237.0
1477950171.76, 2466129.0
1477950171.81, 2476706.0
1477950171.86, 2485598.0
1477950171.91, 2494490.0
1477950171.96, 2504864.0
1477950172.01, 2513756.0
1477950172.06, 2524130.0
1477950172.11, 2533022.0
1477950172.16, 2541914.0
1477950172.21, 2552288.0
1477950172.26, 2561180.0
1477950172.31, 2570072.0
1477950172.36, 2580446.0
1477950172.41, 2589338.0
1477950172.46, 2599712.0
1477950172.51, 2608604.0
1477950172.56, 2617496.0
1477950172.61, 2627870.0
1477950172.66, 2636762.0
1477950172.71, 2645654.0
1477950172.76, 2656028.0
1477950172.81, 2664920.0
1477950172.86, 2673812.0
1477950172.91, 2684186.0
1477950172.96, 2693078.0
1477950173.02, 2701970.0
1477950173.07, 2712344.0
1477950173.12, 2721236.0
1477950173.17, 2731610.0
1477950173.22, 2740502.0
1477950173.27, 2749394.0
1477950173.32, 2759768.0
1477950173.37, 2768660.0
1477950173.42, 2777552.0
1477950173.47, 2787926.0
1477950173.52, 2796818.0
1477950173.57, 2807192.0
1477950173.62, 2816084.0
1477950173.67, 2824976.0
1477950173.72, 2835350.0
1477950173.77, 2844242.0
1477950173.82, 2853134.0
1477950173.87, 2863508.0
1477950173.92, 2872400.0
1477950173.97, 2881292.0
1477950174.02, 2891869.0
1477950174.07, 2900761.0
1477950174.12, 2909653.0
1477950174.17, 2920027.0
1477950174.22, 2928919.0
1477950174.27, 2937811.0
1477950174.32, 2948185.0
1477950174.37, 2957077.0
1477950174.42, 2966011.0
1477950174.47, 2976385.0
1477950174.52, 2985277.0
1477950174.57, 2994169.0
1477950174.62, 3004543.0
1477950174.68, 3013435.0
1477950174.73, 3023809.0
1477950174.78, 3032701.0
1477950174.83, 3041593.0
1477950174.88, 3051967.0
1477950174.93, 3060859.0
1477950174.98, 3071233.0
1477950175.03, 3080125.0
1477950175.08, 3089017.0
1477950175.13, 3099391.0
1477950175.18, 3108283.0
1477950175.23, 3118657.0
1477950175.28, 3127549.0
1477950175.33, 3136441.0
1477950175.38, 3146857.0
1477950175.43, 3155749.0
1477950175.48, 3166123.0
1477950175.53, 3175015.0
1477950175.58, 3183907.0
1477950175.63, 3194281.0
1477950175.68, 3203173.0
1477950175.73, 3212065.0
1477950175.78, 3222439.0
1477950175.83, 3231331.0
1477950175.88, 3240223.0
1477950175.93, 3250597.0
1477950175.98, 3259489.0
1477950176.03, 3268381.0
1477950176.09, 3278755.0
1477950176.14, 3287647.0
1477950176.19, 3296539.0
1477950176.24, 3306913.0
1477950176.29, 3315805.0
1477950176.34, 3326179.0
1477950176.39, 3335071.0
1477950176.44, 3343963.0
1477950176.49, 3354337.0
1477950176.54, 3363229.0
1477950176.59, 3372121.0
1477950176.64, 3382495.0
1477950176.69, 3391387.0
1477950176.74, 3401761.0
1477950176.79, 3410653.0
1477950176.85, 3421027.0
1477950176.9, 3429919.0
1477950176.95, 3440293.0
1477950177.0, 3449185.0
1477950177.05, 3458077.0
1477950177.1, 3468451.0
1477950177.15, 3477343.0
1477950177.2, 3487717.0
1477950177.25, 3496609.0
1477950177.3, 3505501.0
1477950177.35, 3515875.0
1477950177.4, 3524767.0
1477950177.45, 3533659.0
1477950177.5, 3544033.0
1477950177.55, 3552925.0
1477950177.6, 3561817.0
1477950177.65, 3572191.0
1477950177.7, 3581083.0
1477950177.75, 3589975.0
1477950177.8, 3600349.0
1477950177.85, 3609241.0
1477950177.9, 3619615.0
1477950177.95, 3628507.0
1477950178.0, 3637399.0
1477950178.05, 3647773.0
1477950178.1, 3656665.0
1477950178.15, 3665557.0
1477950178.2, 3675931.0
1477950178.25, 3684823.0
1477950178.3, 3693715.0
1477950178.35, 3704089.0
1477950178.4, 3712981.0
1477950178.45, 3721873.0
1477950178.5, 3732247.0
1477950178.55, 3739657.0
1477950178.6, 3748549.0
1477950178.65, 3758923.0
1477950178.71, 3767815.0
1477950178.76, 3778189.0
1477950178.81, 3787081.0
1477950178.86, 3795973.0
1477950178.91, 3806347.0
1477950178.96, 3815239.0
1477950179.01, 3824131.0
1477950179.06, 3834505.0
1477950179.11, 3843397.0
1477950179.16, 3852289.0
1477950179.21, 3862663.0
1477950179.26, 3871555.0
1477950179.31, 3881929.0
1477950179.36, 3890821.0
1477950179.41, 3899713.0
1477950179.46, 3910087.0
1477950179.51, 3918979.0
1477950179.56, 3927871.0
1477950179.61, 3938245.0
1477950179.66, 3947137.0
1477950179.71, 3956029.0
1477950179.76, 3966403.0
1477950179.81, 3975295.0
1477950179.86, 3984187.0
1477950179.91, 3994561.0
1477950179.96, 4003453.0
1477950180.01, 4013827.0
1477950180.08, 4025683.0
1477950180.13, 4036057.0
1477950180.19, 4044949.0
1477950180.24, 4055323.0
1477950180.29, 4064215.0
1477950180.34, 4074589.0
1477950180.39, 4083481.0
1477950180.44, 4092373.0
1477950180.49, 4102747.0
1477950180.54, 4111639.0
1477950180.59, 4120531.0
1477950180.64, 4130905.0
1477950180.69, 4139797.0
1477950180.74, 4150171.0
1477950180.79, 4159063.0
1477950180.84, 4167955.0
1477950180.89, 4178329.0
1477950180.94, 4187221.0
1477950180.99, 4196113.0
1477950181.04, 4206487.0
1477950181.09, 4215379.0
1477950181.14, 4224271.0
1477950181.19, 4234645.0
1477950181.24, 4243537.0
1477950181.29, 4252429.0
1477950181.34, 4262803.0
1477950181.39, 4271695.0
1477950181.44, 4280587.0
1477950181.49, 4290961.0
1477950181.54, 4299853.0
1477950181.6, 4310227.0
1477950181.65, 4319119.0
1477950181.7, 4329493.0
1477950181.75, 4338385.0
1477950181.8, 4347277.0
1477950181.85, 4357651.0
1477950181.9, 4366543.0
1477950181.95, 4375435.0
1477950182.0, 4385809.0
1477950182.05, 4394701.0
1477950182.1, 4405075.0
1477950182.15, 4413967.0
1477950182.2, 4422859.0
1477950182.25, 4433233.0
1477950182.3, 4442125.0
1477950182.35, 4452499.0
1477950182.4, 4461391.0
1477950182.45, 4470283.0
1477950182.5, 4480657.0
1477950182.55, 4489549.0
1477950182.6, 4499923.0
1477950182.66, 4508815.0
1477950182.71, 4517707.0
1477950182.76, 4528081.0
1477950182.81, 4536973.0
1477950182.86, 4547347.0
1477950182.91, 4556239.0
1477950182.96, 4565131.0
1477950183.01, 4575505.0
1477950183.06, 4584397.0
1477950183.11, 4593289.0
1477950183.16, 4603663.0
1477950183.21, 4612555.0
1477950183.26, 4621447.0
1477950183.31, 4631821.0
1477950183.36, 4640713.0
1477950183.41, 4651087.0
1477950183.46, 4659979.0
1477950183.51, 4668871.0
1477950183.56, 4679245.0
1477950183.61, 4688137.0
1477950183.66, 4697029.0
1477950183.71, 4707403.0
1477950183.76, 4716295.0
1477950183.81, 4725187.0
1477950183.86, 4735561.0
1477950183.91, 4744453.0
1477950183.96, 4753345.0
1477950184.01, 4763719.0
1477950184.06, 4772611.0
1477950184.11, 4781503.0
1477950184.16, 4791877.0
1477950184.21, 4800769.0
1477950184.26, 4811143.0
1477950184.31, 4820035.0
1477950184.36, 4828927.0
1477950184.41, 4839301.0
1477950184.46, 4848193.0
1477950184.51, 4857085.0
1477950184.57, 4867459.0
1477950184.62, 4876351.0
1477950184.67, 4885243.0
1477950184.72, 4895617.0
1477950184.77, 4904509.0
1477950184.82, 4914883.0
1477950184.87, 4923775.0
1477950184.92, 4932667.0
1477950184.97, 4943041.0
1477950185.02, 4951933.0
1477950185.07, 4960825.0
1477950185.12, 4971199.0
1477950185.17, 4980091.0
1477950185.22, 4988983.0
1477950185.27, 4999357.0
1477950185.32, 5008249.0
1477950185.37, 5017141.0
1477950185.42, 5027515.0
1477950185.47, 5036407.0
1477950185.52, 5045299.0
1477950185.57, 5055673.0
1477950185.62, 5064565.0
1477950185.67, 5074939.0
1477950185.72, 5083831.0
1477950185.77, 5092723.0
1477950185.82, 5103097.0
1477950185.87, 5111989.0
1477950185.92, 5120881.0
1477950185.97, 5129773.0
1477950186.02, 5138665.0
1477950186.07, 5147557.0
1477950186.12, 5157931.0
1477950186.17, 5166823.0
1477950186.22, 5175715.0
1477950186.27, 5186089.0
1477950186.32, 5194981.0
1477950186.37, 5203873.0
1477950186.43, 5214247.0
1477950186.48, 5223139.0
1477950186.53, 5233513.0
1477950186.58, 5242405.0
1477950186.63, 5251297.0
1477950186.68, 5261671.0
1477950186.73, 5270563.0
1477950186.78, 5279455.0
1477950186.83, 5289829.0
1477950186.88, 5298721.0
1477950186.93, 5307613.0
1477950186.98, 5317987.0
1477950187.03, 5326879.0
1477950187.08, 5337253.0
1477950187.13, 5344663.0
1477950187.18, 5353555.0
1477950187.23, 5363929.0
1477950187.28, 5372821.0
1477950187.33, 5383195.0
1477950187.38, 5392087.0
1477950187.43, 5400979.0
1477950187.48, 5411353.0
1477950187.53, 5420245.0
1477950187.58, 5430619.0
1477950187.64, 5439511.0
1477950187.69, 5448403.0
1477950187.74, 5458777.0
1477950187.79, 5467669.0
1477950187.84, 5478043.0
1477950187.89, 5486935.0
1477950187.94, 5495827.0
1477950187.99, 5506201.0
1477950188.04, 5515093.0
1477950188.09, 5523985.0
1477950188.14, 5534359.0
1477950188.19, 5543251.0
1477950188.24, 5552143.0
1477950188.29, 5562517.0
1477950188.34, 5571409.0
1477950188.39, 5580301.0
1477950188.44, 5590675.0
1477950188.49, 5599567.0
