1477950157.14, 2427248.0
1477950157.26, 2449496.0
1477950157.38, 2473192.0
1477950157.49, 2490964.0
1477950157.58, 2508736.0
1477950157.68, 2525060.0
1477950157.75, 2539870.0
1477950157.86, 2560604.0
1477950157.97, 2578376.0
1477950158.07, 2597865.0
1477950158.18, 2618802.0
1477950158.3, 2639536.0
1477950158.42, 2660749.0
1477950158.51, 2678521.0
1477950158.56, 2684487.0
1477950158.61, 2687491.0
1477950158.66, 2690621.0
1477950158.71, 2695181.0
1477950158.77, 2698293.0
1477950158.82, 2702835.0
1477950158.87, 2702919.0
1477950158.92, 2702961.0
1477950158.97, 2703003.0
1477950159.02, 2703045.0
1477950159.07, 2703087.0
1477950159.12, 2703171.0
1477950159.17, 2703255.0
1477950159.22, 2703339.0
1477950159.27, 2703465.0
1477950159.32, 2703549.0
1477950159.37, 2703675.0
1477950159.42, 2703675.0
1477950159.47, 2703801.0
1477950159.52, 2703885.0
1477950159.57, 2703969.0
1477950159.62, 2704053.0
1477950159.67, 2704137.0
1477950159.72, 2704179.0
1477950159.77, 2704221.0
1477950159.82, 2704347.0
1477950159.87, 2704473.0
1477950159.92, 2704557.0
1477950159.97, 2706071.0
1477950160.03, 2706071.0
1477950160.08, 2709099.0
1477950160.13, 2709099.0
1477950160.18, 2713641.0
1477950160.23, 2713641.0
1477950160.28, 2713641.0
1477950160.33, 2713641.0
1477950160.38, 2713641.0
1477950160.43, 2713641.0
1477950160.48, 2713641.0
1477950160.53, 2713641.0
1477950160.58, 2713641.0
1477950160.63, 2713641.0
1477950160.68, 2713641.0
1477950160.73, 2713641.0
1477950160.78, 2713641.0
1477950160.83, 2713641.0
1477950160.88, 2713641.0
1477950160.93, 2713641.0
1477950160.98, 2713641.0
1477950161.03, 2713641.0
1477950161.08, 2713641.0
1477950161.13, 2713683.0
1477950161.18, 2713683.0
1477950161.23, 2713683.0
1477950161.28, 2713683.0
1477950161.33, 2713683.0
1477950161.38, 2715197.0
1477950161.44, 2715197.0
1477950161.49, 2715197.0
1477950161.54, 2715197.0
1477950161.59, 2715239.0
1477950161.64, 2715239.0
1477950161.69, 2715239.0
1477950161.74, 2715239.0
1477950161.79, 2715239.0
1477950161.84, 2715239.0
1477950161.89, 2715239.0
1477950161.94, 2715239.0
1477950161.99, 2715239.0
1477950162.04, 2715239.0
1477950162.09, 2715239.0
1477950162.14, 2715239.0
1477950162.19, 2715239.0
1477950162.24, 2715239.0
1477950162.29, 2715239.0
1477950162.34, 2715239.0
1477950162.39, 2715239.0
1477950162.44, 2715239.0
1477950162.49, 2715239.0
1477950162.54, 2716753.0
1477950162.59, 2716753.0
1477950162.64, 2716753.0
1477950162.69, 2716753.0
1477950162.74, 2716753.0
1477950162.79, 2716753.0
1477950162.84, 2716753.0
1477950162.89, 2716753.0
1477950162.94, 2716795.0
1477950162.99, 2716795.0
1477950163.04, 2716795.0
1477950163.09, 2716795.0
1477950163.15, 2716837.0
1477950163.2, 2716837.0
1477950163.25, 2716837.0
1477950163.3, 2716837.0
1477950163.35, 2716837.0
1477950163.4, 2716879.0
1477950163.45, 2716879.0
1477950163.5, 2716879.0
1477950163.55, 2716879.0
1477950163.6, 2716879.0
1477950163.65, 2716879.0
1477950163.7, 2718393.0
1477950163.75, 2718393.0
1477950163.8, 2718393.0
1477950163.85, 2718393.0
1477950163.9, 2718393.0
1477950163.95, 2718393.0
1477950164.0, 2718393.0
1477950164.05, 2718393.0
1477950164.1, 2718393.0
1477950164.15, 2718393.0
1477950164.2, 2718393.0
1477950164.25, 2718393.0
1477950164.3, 2718393.0
1477950164.35, 2718393.0
1477950164.4, 2718393.0
1477950164.45, 2718393.0
1477950164.5, 2718393.0
1477950164.55, 2718393.0
1477950164.6, 2718393.0
1477950164.65, 2718393.0
1477950164.7, 2718393.0
1477950164.75, 2718393.0
1477950164.8, 2718393.0
1477950164.85, 2718393.0
1477950164.91, 2718393.0
1477950164.96, 2718393.0
1477950165.01, 2718393.0
1477950165.06, 2718393.0
1477950165.11, 2718393.0
1477950165.16, 2718393.0
1477950165.21, 2718393.0
1477950165.26, 2718393.0
1477950165.31, 2718393.0
1477950165.36, 2718393.0
1477950165.41, 2718393.0
1477950165.46, 2718393.0
1477950165.51, 2718393.0
1477950165.56, 2718393.0
1477950165.61, 2718393.0
1477950165.66, 2718393.0
1477950165.71, 2718393.0
1477950165.76, 2718393.0
1477950165.81, 2718393.0
1477950165.86, 2718393.0
1477950165.91, 2718393.0
1477950165.96, 2718393.0
1477950166.01, 2718393.0
1477950166.06, 2718393.0
1477950166.11, 2718393.0
1477950166.16, 2718393.0
1477950166.21, 2718393.0
1477950166.26, 2718393.0
1477950166.31, 2718393.0
1477950166.36, 2718393.0
1477950166.41, 2718393.0
1477950166.46, 2718393.0
1477950166.51, 2718393.0
1477950166.56, 2718393.0
1477950166.61, 2718393.0
1477950166.66, 2718393.0
1477950166.71, 2718393.0
1477950166.76, 2718393.0
1477950166.81, 2718393.0
1477950166.86, 2718393.0
1477950166.91, 2718435.0
1477950166.96, 2718435.0
1477950167.02, 2718435.0
1477950167.07, 2718435.0
1477950167.12, 2718435.0
1477950167.17, 2718435.0
1477950167.22, 2718435.0
1477950167.27, 2718435.0
1477950167.32, 2718477.0
1477950167.37, 2718477.0
1477950167.42, 2718477.0
1477950167.47, 2718477.0
1477950167.52, 2718477.0
1477950167.57, 2718477.0
1477950167.62, 2718477.0
1477950167.67, 2718477.0
1477950167.72, 2718477.0
1477950167.77, 2718477.0
1477950167.82, 2718477.0
1477950167.87, 2718477.0
1477950167.92, 2718477.0
1477950167.97, 2718477.0
1477950168.02, 2718477.0
1477950168.07, 2718477.0
1477950168.13, 2718519.0
1477950168.18, 2718519.0
1477950168.23, 2718519.0
1477950168.28, 2718561.0
1477950168.33, 2718561.0
1477950168.38, 2718561.0
1477950168.43, 2718561.0
1477950168.49, 2718561.0
1477950168.54, 2718561.0
1477950168.59, 2718561.0
1477950168.64, 2718561.0
1477950168.69, 2718561.0
1477950168.74, 2718561.0
1477950168.79, 2718561.0
1477950168.84, 2718561.0
1477950168.89, 2718561.0
1477950168.94, 2718561.0
1477950168.99, 2718561.0
1477950169.04, 2718561.0
1477950169.09, 2718561.0
1477950169.14, 2718603.0
1477950169.19, 2718603.0
1477950169.24, 2718603.0
1477950169.29, 2718603.0
1477950169.34, 2718603.0
1477950169.39, 2718603.0
1477950169.44, 2718603.0
1477950169.49, 2718603.0
1477950169.54, 2718645.0
1477950169.59, 2718645.0
1477950169.64, 2718645.0
1477950169.69, 2718645.0
1477950169.74, 2718645.0
1477950169.79, 2718645.0
1477950169.84, 2718645.0
1477950169.89, 2718645.0
1477950169.94, 2718645.0
1477950169.99, 2718645.0
1477950170.04, 2718645.0
1477950170.09, 2718645.0
1477950170.14, 2718645.0
1477950170.19, 2718645.0
1477950170.24, 2718645.0
1477950170.3, 2718645.0
1477950170.35, 2718687.0
1477950170.4, 2718687.0
1477950170.45, 2718729.0
1477950170.5, 2718729.0
1477950170.55, 2718729.0
1477950170.6, 2718729.0
1477950170.65, 2718729.0
1477950170.7, 2718729.0
1477950170.75, 2718729.0
1477950170.8, 2718729.0
1477950170.85, 2718729.0
1477950170.9, 2718729.0
1477950170.95, 2718729.0
1477950171.0, 2718729.0
1477950171.05, 2720243.0
1477950171.1, 2720243.0
1477950171.15, 2720243.0
1477950171.2, 2721757.0
1477950171.25, 2721757.0
1477950171.3, 2721757.0
1477950171.36, 2721757.0
1477950171.41, 2721757.0
1477950171.46, 2721757.0
1477950171.51, 2721757.0
1477950171.56, 2721757.0
1477950171.61, 2721757.0
1477950171.66, 2721757.0
1477950171.71, 2721757.0
1477950171.76, 2721757.0
1477950171.81, 2721757.0
1477950171.86, 2721757.0
1477950171.91, 2721757.0
1477950171.96, 2721757.0
1477950172.01, 2721757.0
1477950172.06, 2721757.0
1477950172.11, 2721757.0
1477950172.16, 2721757.0
1477950172.21, 2721757.0
1477950172.26, 2721757.0
1477950172.31, 2721757.0
1477950172.36, 2721757.0
1477950172.41, 2721757.0
1477950172.46, 2721757.0
1477950172.51, 2721757.0
1477950172.56, 2721757.0
1477950172.61, 2721757.0
1477950172.66, 2721757.0
1477950172.71, 2721757.0
1477950172.76, 2721757.0
1477950172.81, 2721757.0
1477950172.86, 2721757.0
1477950172.91, 2721757.0
1477950172.96, 2721757.0
1477950173.02, 2721757.0
1477950173.07, 2721757.0
1477950173.12, 2721757.0
1477950173.17, 2721757.0
1477950173.22, 2721757.0
1477950173.27, 2721757.0
1477950173.32, 2721757.0
1477950173.37, 2721757.0
1477950173.42, 2721757.0
1477950173.47, 2721757.0
1477950173.52, 2721757.0
1477950173.57, 2721757.0
1477950173.62, 2721757.0
1477950173.67, 2721757.0
1477950173.72, 2721757.0
1477950173.77, 2721757.0
1477950173.82, 2721757.0
1477950173.87, 2721757.0
1477950173.92, 2721757.0
1477950173.97, 2721757.0
1477950174.02, 2721960.0
1477950174.07, 2721960.0
1477950174.12, 2721960.0
1477950174.17, 2721960.0
1477950174.22, 2721960.0
1477950174.27, 2721960.0
1477950174.32, 2721960.0
1477950174.37, 2722163.0
1477950174.42, 2722205.0
1477950174.47, 2722205.0
1477950174.52, 2722205.0
1477950174.57, 2722205.0
1477950174.62, 2722205.0
1477950174.68, 2722205.0
1477950174.73, 2722205.0
1477950174.78, 2722205.0
1477950174.83, 2722205.0
1477950174.88, 2722205.0
1477950174.93, 2722205.0
1477950174.98, 2722205.0
1477950175.03, 2722205.0
1477950175.08, 2722205.0
1477950175.13, 2722205.0
1477950175.18, 2722205.0
1477950175.23, 2722205.0
1477950175.28, 2722205.0
1477950175.33, 2722205.0
1477950175.38, 2722247.0
1477950175.43, 2722247.0
1477950175.48, 2722247.0
1477950175.53, 2722247.0
1477950175.58, 2722247.0
1477950175.63, 2722247.0
1477950175.68, 2722247.0
1477950175.73, 2722247.0
1477950175.78, 2722247.0
1477950175.83, 2722247.0
1477950175.88, 2722247.0
1477950175.93, 2722247.0
1477950175.98, 2722247.0
1477950176.03, 2722247.0
1477950176.09, 2722247.0
1477950176.14, 2722247.0
1477950176.19, 2722247.0
1477950176.24, 2722247.0
1477950176.29, 2722247.0
1477950176.34, 2722247.0
1477950176.39, 2722247.0
1477950176.44, 2722247.0
1477950176.49, 2722247.0
1477950176.54, 2722247.0
1477950176.59, 2722247.0
1477950176.64, 2722247.0
1477950176.69, 2722247.0
1477950176.74, 2722247.0
1477950176.79, 2722247.0
1477950176.85, 2722247.0
1477950176.9, 2722247.0
1477950176.95, 2722247.0
1477950177.0, 2722247.0
1477950177.05, 2722247.0
1477950177.1, 2722247.0
1477950177.15, 2722247.0
1477950177.2, 2722247.0
1477950177.25, 2722247.0
1477950177.3, 2722247.0
1477950177.35, 2722247.0
1477950177.4, 2722247.0
1477950177.45, 2722247.0
1477950177.5, 2722247.0
1477950177.55, 2722247.0
1477950177.6, 2722247.0
1477950177.65, 2722247.0
1477950177.7, 2722247.0
1477950177.75, 2722247.0
1477950177.8, 2722247.0
1477950177.85, 2722247.0
1477950177.9, 2722247.0
1477950177.95, 2722247.0
1477950178.0, 2722247.0
1477950178.05, 2722247.0
1477950178.1, 2722247.0
1477950178.15, 2722247.0
1477950178.2, 2722247.0
1477950178.25, 2722247.0
1477950178.3, 2722247.0
1477950178.35, 2722247.0
1477950178.4, 2722247.0
1477950178.45, 2722247.0
1477950178.5, 2722247.0
1477950178.55, 2723761.0
1477950178.6, 2723761.0
1477950178.65, 2723761.0
1477950178.71, 2723761.0
1477950178.76, 2723761.0
1477950178.81, 2723761.0
1477950178.86, 2723761.0
1477950178.91, 2723761.0
1477950178.96, 2723761.0
1477950179.01, 2723761.0
1477950179.06, 2723761.0
1477950179.11, 2723761.0
1477950179.16, 2723761.0
1477950179.21, 2723761.0
1477950179.26, 2723761.0
1477950179.31, 2723761.0
1477950179.36, 2723761.0
1477950179.41, 2723761.0
1477950179.46, 2723761.0
1477950179.51, 2723761.0
1477950179.56, 2723761.0
1477950179.61, 2723761.0
1477950179.66, 2723761.0
1477950179.71, 2723761.0
1477950179.76, 2723761.0
1477950179.81, 2723761.0
1477950179.86, 2723761.0
1477950179.91, 2723761.0
1477950179.96, 2723761.0
1477950180.01, 2723761.0
1477950180.08, 2723761.0
1477950180.13, 2723761.0
1477950180.19, 2723761.0
1477950180.24, 2723761.0
1477950180.29, 2723761.0
1477950180.34, 2723761.0
1477950180.39, 2723761.0
1477950180.44, 2723761.0
1477950180.49, 2723761.0
1477950180.54, 2723761.0
1477950180.59, 2723761.0
1477950180.64, 2723761.0
1477950180.69, 2723761.0
1477950180.74, 2723761.0
1477950180.79, 2723761.0
1477950180.84, 2723761.0
1477950180.89, 2723761.0
1477950180.94, 2723761.0
1477950180.99, 2723761.0
1477950181.04, 2723761.0
1477950181.09, 2723761.0
1477950181.14, 2723761.0
1477950181.19, 2723761.0
1477950181.24, 2723761.0
1477950181.29, 2723761.0
1477950181.34, 2723761.0
1477950181.39, 2723761.0
1477950181.44, 2723761.0
1477950181.49, 2723761.0
1477950181.54, 2723761.0
1477950181.6, 2723761.0
1477950181.65, 2723761.0
1477950181.7, 2723761.0
1477950181.75, 2723761.0
1477950181.8, 2723761.0
1477950181.85, 2723761.0
1477950181.9, 2723761.0
1477950181.95, 2723761.0
1477950182.0, 2723761.0
1477950182.05, 2723761.0
1477950182.1, 2723761.0
1477950182.15, 2723761.0
1477950182.2, 2723761.0
1477950182.25, 2723761.0
1477950182.3, 2723761.0
1477950182.35, 2723761.0
1477950182.4, 2723761.0
1477950182.45, 2723761.0
1477950182.5, 2723761.0
1477950182.55, 2723761.0
1477950182.6, 2723761.0
1477950182.66, 2723761.0
1477950182.71, 2723761.0
1477950182.76, 2723761.0
1477950182.81, 2723761.0
1477950182.86, 2723761.0
1477950182.91, 2723761.0
1477950182.96, 2723761.0
1477950183.01, 2723761.0
1477950183.06, 2723761.0
1477950183.11, 2723761.0
1477950183.16, 2723761.0
1477950183.21, 2723761.0
1477950183.26, 2723761.0
1477950183.31, 2723761.0
1477950183.36, 2723761.0
1477950183.41, 2723761.0
1477950183.46, 2723761.0
1477950183.51, 2723761.0
1477950183.56, 2723761.0
1477950183.61, 2723761.0
1477950183.66, 2723761.0
1477950183.71, 2723761.0
1477950183.76, 2723761.0
1477950183.81, 2723761.0
1477950183.86, 2723761.0
1477950183.91, 2723761.0
1477950183.96, 2723761.0
1477950184.01, 2723761.0
1477950184.06, 2723761.0
1477950184.11, 2723761.0
1477950184.16, 2723761.0
1477950184.21, 2723761.0
1477950184.26, 2723761.0
1477950184.31, 2723761.0
1477950184.36, 2723761.0
1477950184.41, 2723761.0
1477950184.46, 2723761.0
1477950184.51, 2723761.0
1477950184.57, 2723761.0
1477950184.62, 2723761.0
1477950184.67, 2723761.0
1477950184.72, 2723761.0
1477950184.77, 2723761.0
1477950184.82, 2723761.0
1477950184.87, 2723761.0
1477950184.92, 2723761.0
1477950184.97, 2723761.0
1477950185.02, 2723761.0
1477950185.07, 2723761.0
1477950185.12, 2723761.0
1477950185.17, 2723761.0
1477950185.22, 2723761.0
1477950185.27, 2723761.0
1477950185.32, 2723761.0
1477950185.37, 2723761.0
1477950185.42, 2723761.0
1477950185.47, 2723761.0
1477950185.52, 2723761.0
1477950185.57, 2723761.0
1477950185.62, 2723761.0
1477950185.67, 2723761.0
1477950185.72, 2723761.0
1477950185.77, 2723761.0
1477950185.82, 2723761.0
1477950185.87, 2723761.0
1477950185.92, 2723761.0
1477950185.97, 2725275.0
1477950186.02, 2725275.0
1477950186.07, 2725275.0
1477950186.12, 2725275.0
1477950186.17, 2725275.0
1477950186.22, 2725275.0
1477950186.27, 2725275.0
1477950186.32, 2725275.0
1477950186.37, 2725275.0
1477950186.43, 2725275.0
1477950186.48, 2725275.0
1477950186.53, 2725275.0
1477950186.58, 2725275.0
1477950186.63, 2725275.0
1477950186.68, 2725275.0
1477950186.73, 2725275.0
1477950186.78, 2725275.0
1477950186.83, 2725275.0
1477950186.88, 2725275.0
1477950186.93, 2725275.0
1477950186.98, 2725275.0
1477950187.03, 2725275.0
1477950187.08, 2725275.0
1477950187.13, 2726789.0
1477950187.18, 2726789.0
1477950187.23, 2726789.0
1477950187.28, 2726789.0
1477950187.33, 2726789.0
1477950187.38, 2726789.0
1477950187.43, 2726789.0
1477950187.48, 2726789.0
1477950187.53, 2726789.0
1477950187.58, 2726789.0
1477950187.64, 2726789.0
1477950187.69, 2726789.0
1477950187.74, 2726789.0
1477950187.79, 2726789.0
1477950187.84, 2726789.0
1477950187.89, 2726789.0
1477950187.94, 2726789.0
1477950187.99, 2726789.0
1477950188.04, 2726789.0
1477950188.09, 2726789.0
1477950188.14, 2726789.0
1477950188.19, 2726789.0
1477950188.24, 2726789.0
1477950188.29, 2726789.0
1477950188.34, 2726789.0
1477950188.39, 2726789.0
1477950188.44, 2726789.0
1477950188.49, 2726789.0
