1477949934.72, 1167.0
1477949934.84, 1177.0
1477949934.94, 1185.0
1477949935.02, 1192.0
1477949935.15, 1203.0
1477949935.23, 1212.0
1477949935.31, 1219.0
1477949935.39, 1226.0
1477949935.49, 1236.0
1477949935.6, 1247.0
1477949935.69, 1255.0
1477949935.79, 1267.0
1477949935.91, 1284.0
1477949936.0, 1295.0
1477949936.05, 1297.0
1477949936.1, 1300.0
1477949936.15, 1302.0
1477949936.2, 1303.0
1477949936.25, 1304.0
1477949936.3, 1305.0
1477949936.35, 1307.0
1477949936.4, 1311.0
1477949936.45, 1314.0
1477949936.5, 1317.0
1477949936.55, 1318.0
1477949936.6, 1319.0
1477949936.65, 1322.0
1477949936.74, 1322.0
1477949936.79, 1324.0
1477949936.86, 1326.0
1477949936.91, 1328.0
1477949936.98, 1331.0
1477949937.03, 1333.0
1477949937.12, 1338.0
1477949937.17, 1339.0
1477949937.22, 1341.0
1477949937.27, 1343.0
1477949937.32, 1344.0
1477949937.37, 1346.0
1477949937.42, 1346.0
1477949937.47, 1350.0
1477949937.52, 1350.0
1477949937.57, 1352.0
1477949937.62, 1355.0
1477949937.67, 1355.0
1477949937.72, 1355.0
1477949937.77, 1356.0
1477949937.82, 1356.0
1477949937.87, 1356.0
1477949937.92, 1356.0
1477949937.97, 1356.0
1477949938.02, 1356.0
1477949938.08, 1357.0
1477949938.13, 1358.0
1477949938.18, 1358.0
1477949938.23, 1358.0
1477949938.28, 1360.0
1477949938.33, 1360.0
1477949938.38, 1360.0
1477949938.43, 1360.0
1477949938.48, 1361.0
1477949938.53, 1361.0
1477949938.58, 1361.0
1477949938.63, 1362.0
1477949938.68, 1362.0
1477949938.73, 1363.0
1477949938.78, 1363.0
1477949938.83, 1363.0
1477949938.88, 1364.0
1477949938.93, 1364.0
1477949938.98, 1364.0
1477949939.03, 1364.0
1477949939.08, 1364.0
1477949939.13, 1364.0
1477949939.18, 1364.0
1477949939.23, 1364.0
1477949939.28, 1364.0
1477949939.33, 1364.0
1477949939.38, 1364.0
1477949939.43, 1364.0
1477949939.48, 1364.0
1477949939.53, 1364.0
1477949939.58, 1364.0
1477949939.63, 1364.0
1477949939.68, 1364.0
1477949939.73, 1364.0
1477949939.78, 1364.0
1477949939.83, 1364.0
1477949939.88, 1364.0
1477949939.93, 1364.0
1477949939.98, 1364.0
1477949940.03, 1364.0
1477949940.09, 1364.0
1477949940.14, 1364.0
1477949940.19, 1364.0
1477949940.24, 1364.0
1477949940.29, 1364.0
1477949940.34, 1364.0
1477949940.39, 1364.0
1477949940.44, 1364.0
1477949940.49, 1364.0
1477949940.54, 1364.0
1477949940.59, 1364.0
1477949940.64, 1364.0
1477949940.69, 1364.0
1477949940.74, 1364.0
1477949940.79, 1364.0
1477949940.84, 1364.0
1477949940.89, 1364.0
1477949940.94, 1365.0
1477949940.99, 1365.0
1477949941.04, 1365.0
1477949941.09, 1365.0
1477949941.14, 1365.0
1477949941.19, 1365.0
1477949941.24, 1366.0
1477949941.29, 1366.0
1477949941.34, 1366.0
1477949941.39, 1367.0
1477949941.44, 1367.0
1477949941.49, 1367.0
1477949941.54, 1367.0
1477949941.59, 1367.0
1477949941.64, 1367.0
1477949941.69, 1367.0
1477949941.74, 1367.0
1477949941.79, 1367.0
1477949941.85, 1367.0
1477949941.9, 1367.0
1477949941.95, 1367.0
1477949942.0, 1367.0
1477949942.05, 1367.0
1477949942.1, 1368.0
1477949942.15, 1368.0
1477949942.2, 1368.0
1477949942.25, 1368.0
1477949942.3, 1368.0
1477949942.35, 1368.0
1477949942.4, 1368.0
1477949942.45, 1368.0
1477949942.5, 1368.0
1477949942.55, 1368.0
1477949942.6, 1368.0
1477949942.65, 1368.0
1477949942.7, 1368.0
1477949942.75, 1368.0
1477949942.8, 1368.0
1477949942.85, 1368.0
1477949942.9, 1368.0
1477949942.95, 1368.0
1477949943.0, 1368.0
1477949943.05, 1368.0
1477949943.1, 1368.0
1477949943.15, 1368.0
1477949943.21, 1368.0
1477949943.26, 1368.0
1477949943.31, 1368.0
1477949943.36, 1368.0
1477949943.41, 1368.0
1477949943.46, 1368.0
1477949943.51, 1368.0
1477949943.56, 1368.0
1477949943.61, 1368.0
1477949943.66, 1368.0
1477949943.71, 1368.0
1477949943.76, 1368.0
1477949943.81, 1368.0
1477949943.86, 1368.0
1477949943.91, 1368.0
1477949943.96, 1368.0
1477949944.01, 1368.0
1477949944.06, 1368.0
1477949944.11, 1368.0
1477949944.16, 1368.0
1477949944.21, 1368.0
1477949944.26, 1368.0
1477949944.31, 1368.0
1477949944.36, 1368.0
1477949944.41, 1368.0
1477949944.46, 1368.0
1477949944.51, 1368.0
1477949944.56, 1368.0
1477949944.61, 1368.0
1477949944.66, 1368.0
1477949944.71, 1368.0
1477949944.76, 1368.0
1477949944.81, 1368.0
1477949944.86, 1368.0
1477949944.91, 1368.0
1477949944.96, 1368.0
1477949945.02, 1368.0
1477949945.07, 1368.0
1477949945.12, 1368.0
1477949945.17, 1368.0
1477949945.22, 1368.0
1477949945.27, 1368.0
1477949945.32, 1368.0
1477949945.37, 1368.0
1477949945.42, 1368.0
1477949945.47, 1368.0
1477949945.52, 1368.0
1477949945.57, 1368.0
1477949945.62, 1368.0
1477949945.67, 1368.0
1477949945.72, 1368.0
1477949945.77, 1368.0
1477949945.82, 1368.0
1477949945.87, 1368.0
1477949945.92, 1368.0
1477949945.97, 1368.0
1477949946.02, 1368.0
1477949946.07, 1368.0
1477949946.12, 1368.0
1477949946.17, 1368.0
1477949946.22, 1368.0
1477949946.27, 1368.0
1477949946.32, 1368.0
1477949946.37, 1368.0
1477949946.42, 1368.0
1477949946.47, 1368.0
1477949946.52, 1368.0
1477949946.57, 1368.0
1477949946.62, 1368.0
1477949946.67, 1368.0
1477949946.72, 1368.0
1477949946.77, 1368.0
1477949946.82, 1368.0
1477949946.88, 1368.0
1477949946.93, 1368.0
1477949946.98, 1368.0
1477949947.03, 1368.0
1477949947.08, 1368.0
1477949947.13, 1368.0
1477949947.18, 1368.0
1477949947.23, 1368.0
1477949947.28, 1368.0
1477949947.33, 1368.0
1477949947.38, 1368.0
1477949947.43, 1368.0
1477949947.48, 1368.0
1477949947.53, 1368.0
1477949947.58, 1368.0
1477949947.63, 1368.0
1477949947.68, 1368.0
1477949947.73, 1368.0
1477949947.78, 1368.0
1477949947.84, 1368.0
1477949947.89, 1368.0
1477949947.94, 1368.0
1477949947.99, 1368.0
1477949948.04, 1368.0
1477949948.09, 1368.0
1477949948.14, 1368.0
1477949948.19, 1368.0
1477949948.24, 1368.0
1477949948.29, 1368.0
1477949948.34, 1368.0
1477949948.39, 1368.0
1477949948.44, 1368.0
1477949948.49, 1368.0
1477949948.54, 1368.0
1477949948.59, 1368.0
1477949948.64, 1368.0
1477949948.69, 1368.0
1477949948.74, 1368.0
1477949948.79, 1368.0
1477949948.84, 1368.0
1477949948.89, 1368.0
1477949948.94, 1368.0
1477949948.99, 1368.0
1477949949.04, 1368.0
1477949949.09, 1368.0
1477949949.14, 1368.0
1477949949.19, 1368.0
1477949949.24, 1368.0
1477949949.29, 1368.0
1477949949.34, 1368.0
1477949949.39, 1369.0
1477949949.44, 1369.0
1477949949.49, 1369.0
1477949949.54, 1369.0
1477949949.6, 1369.0
1477949949.65, 1369.0
1477949949.7, 1369.0
1477949949.75, 1369.0
1477949949.8, 1369.0
1477949949.85, 1369.0
1477949949.9, 1369.0
1477949949.95, 1369.0
1477949950.0, 1369.0
1477949950.05, 1369.0
1477949950.1, 1369.0
1477949950.15, 1369.0
1477949950.2, 1369.0
1477949950.25, 1369.0
1477949950.3, 1369.0
1477949950.35, 1369.0
1477949950.4, 1369.0
1477949950.45, 1369.0
1477949950.5, 1369.0
1477949950.55, 1369.0
1477949950.6, 1369.0
1477949950.65, 1369.0
1477949950.7, 1369.0
1477949950.75, 1369.0
1477949950.8, 1369.0
1477949950.85, 1369.0
1477949950.9, 1369.0
1477949950.95, 1369.0
1477949951.0, 1369.0
1477949951.06, 1369.0
1477949951.11, 1369.0
1477949951.16, 1369.0
1477949951.21, 1369.0
1477949951.26, 1369.0
1477949951.31, 1369.0
1477949951.36, 1369.0
1477949951.41, 1369.0
1477949951.46, 1369.0
1477949951.51, 1369.0
1477949951.56, 1369.0
1477949951.61, 1369.0
1477949951.66, 1369.0
1477949951.71, 1369.0
1477949951.76, 1369.0
1477949951.81, 1369.0
1477949951.86, 1369.0
1477949951.91, 1369.0
1477949951.97, 1370.0
1477949952.02, 1370.0
1477949952.07, 1370.0
1477949952.12, 1370.0
1477949952.17, 1370.0
1477949952.22, 1370.0
1477949952.27, 1370.0
1477949952.32, 1370.0
1477949952.37, 1370.0
1477949952.42, 1370.0
1477949952.47, 1370.0
1477949952.52, 1370.0
1477949952.57, 1370.0
1477949952.62, 1370.0
1477949952.67, 1370.0
1477949952.72, 1370.0
1477949952.78, 1370.0
1477949952.83, 1370.0
1477949952.88, 1370.0
1477949952.93, 1370.0
1477949952.98, 1370.0
1477949953.03, 1370.0
1477949953.08, 1370.0
1477949953.13, 1370.0
1477949953.18, 1370.0
1477949953.23, 1370.0
1477949953.28, 1370.0
1477949953.33, 1370.0
1477949953.38, 1370.0
1477949953.43, 1370.0
1477949953.48, 1370.0
1477949953.53, 1370.0
1477949953.58, 1370.0
1477949953.63, 1370.0
1477949953.68, 1370.0
1477949953.73, 1370.0
1477949953.78, 1370.0
1477949953.83, 1370.0
1477949953.88, 1370.0
1477949953.93, 1370.0
1477949953.98, 1370.0
1477949954.03, 1370.0
1477949954.08, 1370.0
1477949954.13, 1370.0
1477949954.19, 1370.0
1477949954.24, 1370.0
1477949954.29, 1370.0
1477949954.34, 1370.0
1477949954.39, 1370.0
1477949954.44, 1370.0
1477949954.49, 1370.0
1477949954.54, 1370.0
1477949954.59, 1370.0
1477949954.64, 1370.0
1477949954.69, 1370.0
1477949954.74, 1370.0
1477949954.79, 1370.0
1477949954.84, 1370.0
1477949954.89, 1370.0
1477949954.94, 1370.0
1477949954.99, 1370.0
1477949955.04, 1370.0
1477949955.09, 1370.0
1477949955.14, 1370.0
1477949955.19, 1370.0
1477949955.24, 1370.0
1477949955.29, 1370.0
1477949955.34, 1370.0
1477949955.4, 1370.0
1477949955.45, 1370.0
1477949955.5, 1370.0
1477949955.55, 1370.0
1477949955.6, 1370.0
1477949955.65, 1370.0
1477949955.7, 1370.0
1477949955.75, 1370.0
1477949955.8, 1370.0
1477949955.85, 1370.0
1477949955.9, 1370.0
1477949955.95, 1370.0
1477949956.0, 1370.0
1477949956.05, 1370.0
1477949956.1, 1370.0
1477949956.15, 1370.0
1477949956.2, 1370.0
1477949956.25, 1370.0
1477949956.3, 1370.0
1477949956.36, 1370.0
1477949956.41, 1370.0
1477949956.46, 1370.0
1477949956.51, 1370.0
1477949956.56, 1370.0
1477949956.61, 1370.0
1477949956.66, 1370.0
1477949956.71, 1371.0
1477949956.76, 1371.0
1477949956.81, 1371.0
1477949956.86, 1371.0
1477949956.91, 1371.0
1477949956.96, 1371.0
1477949957.01, 1371.0
1477949957.06, 1371.0
1477949957.11, 1371.0
1477949957.16, 1371.0
1477949957.21, 1371.0
1477949957.26, 1371.0
1477949957.31, 1371.0
1477949957.36, 1371.0
1477949957.41, 1371.0
1477949957.46, 1371.0
1477949957.51, 1371.0
1477949957.56, 1371.0
1477949957.61, 1371.0
1477949957.66, 1371.0
1477949957.71, 1371.0
1477949957.76, 1371.0
1477949957.81, 1371.0
1477949957.86, 1371.0
1477949957.91, 1371.0
1477949957.96, 1371.0
1477949958.01, 1371.0
1477949958.06, 1371.0
1477949958.12, 1371.0
1477949958.17, 1371.0
1477949958.22, 1371.0
1477949958.27, 1371.0
1477949958.32, 1371.0
1477949958.37, 1371.0
1477949958.42, 1371.0
1477949958.47, 1371.0
1477949958.52, 1371.0
1477949958.57, 1371.0
1477949958.62, 1371.0
1477949958.67, 1371.0
1477949958.72, 1371.0
1477949958.77, 1371.0
1477949958.82, 1371.0
1477949958.87, 1371.0
1477949958.92, 1371.0
1477949958.97, 1371.0
1477949959.02, 1371.0
1477949959.07, 1371.0
1477949959.12, 1371.0
1477949959.17, 1371.0
1477949959.22, 1371.0
1477949959.27, 1371.0
1477949959.32, 1371.0
1477949959.37, 1371.0
1477949959.42, 1371.0
1477949959.47, 1371.0
1477949959.52, 1371.0
1477949959.57, 1371.0
1477949959.62, 1371.0
1477949959.67, 1371.0
1477949959.72, 1371.0
1477949959.77, 1371.0
1477949959.82, 1371.0
1477949959.87, 1371.0
1477949959.92, 1371.0
1477949959.97, 1373.0
1477949960.02, 1373.0
1477949960.07, 1373.0
1477949960.12, 1373.0
1477949960.17, 1373.0
1477949960.23, 1373.0
1477949960.28, 1373.0
1477949960.33, 1373.0
1477949960.38, 1373.0
1477949960.43, 1373.0
1477949960.48, 1373.0
1477949960.53, 1373.0
1477949960.58, 1373.0
1477949960.63, 1373.0
1477949960.68, 1373.0
1477949960.73, 1373.0
1477949960.78, 1373.0
1477949960.83, 1373.0
1477949960.88, 1373.0
1477949960.93, 1373.0
1477949960.98, 1373.0
1477949961.03, 1373.0
1477949961.08, 1373.0
1477949961.13, 1374.0
1477949961.18, 1374.0
1477949961.23, 1374.0
1477949961.28, 1374.0
1477949961.33, 1374.0
1477949961.38, 1374.0
1477949961.43, 1374.0
1477949961.48, 1374.0
1477949961.53, 1374.0
1477949961.58, 1374.0
1477949961.63, 1374.0
1477949961.68, 1374.0
1477949961.73, 1374.0
1477949961.79, 1374.0
1477949961.84, 1374.0
1477949961.89, 1374.0
1477949961.94, 1374.0
1477949961.99, 1374.0
1477949962.04, 1374.0
1477949962.09, 1374.0
1477949962.14, 1374.0
1477949962.19, 1374.0
1477949962.24, 1374.0
1477949962.29, 1374.0
1477949962.35, 1374.0
1477949962.4, 1374.0
1477949962.46, 1374.0
1477949962.53, 1374.0
1477949962.61, 1374.0
1477949962.66, 1374.0
1477949962.71, 1374.0
1477949962.76, 1374.0
1477949962.81, 1374.0
1477949962.86, 1375.0
1477949962.91, 1375.0
1477949962.97, 1375.0
1477949963.02, 1375.0
1477949963.07, 1375.0
1477949963.12, 1375.0
1477949963.17, 1375.0
1477949963.22, 1375.0
1477949963.27, 1375.0
1477949963.32, 1375.0
1477949963.37, 1375.0
1477949963.42, 1375.0
1477949963.47, 1375.0
1477949963.52, 1375.0
1477949963.57, 1375.0
1477949963.62, 1375.0
1477949963.67, 1375.0
1477949963.72, 1375.0
1477949963.77, 1375.0
1477949963.82, 1375.0
1477949963.87, 1375.0
1477949963.92, 1375.0
1477949963.97, 1375.0
1477949964.02, 1375.0
1477949964.07, 1375.0
1477949964.12, 1375.0
1477949964.17, 1375.0
1477949964.22, 1375.0
1477949964.27, 1375.0
1477949964.32, 1376.0
1477949964.37, 1376.0
1477949964.42, 1376.0
1477949964.47, 1376.0
1477949964.52, 1376.0
1477949964.57, 1376.0
1477949964.62, 1376.0
1477949964.67, 1376.0
1477949964.73, 1376.0
1477949964.78, 1376.0
1477949964.83, 1376.0
1477949964.88, 1376.0
1477949964.93, 1376.0
1477949964.98, 1376.0
1477949965.03, 1376.0
1477949965.08, 1376.0
1477949965.13, 1376.0
1477949965.18, 1376.0
1477949965.23, 1376.0
1477949965.28, 1376.0
1477949965.33, 1376.0
1477949965.38, 1376.0
1477949965.43, 1376.0
1477949965.48, 1376.0
1477949965.53, 1377.0
1477949965.58, 1377.0
1477949965.63, 1377.0
1477949965.68, 1377.0
1477949965.73, 1377.0
1477949965.78, 1377.0
1477949965.84, 1377.0
1477949965.89, 1377.0
1477949965.94, 1377.0
1477949965.99, 1377.0
