1477949934.72, 2597104.0
1477949934.84, 2622512.0
1477949934.94, 2641996.0
1477949935.02, 2654042.0
1477949935.15, 2676488.0
1477949935.23, 2695972.0
1477949935.31, 2709466.0
1477949935.39, 2727436.0
1477949935.49, 2738034.0
1477949935.6, 2759032.0
1477949935.69, 2769564.0
1477949935.79, 2789180.0
1477949935.91, 2811560.0
1477949936.0, 2823606.0
1477949936.05, 2826568.0
1477949936.1, 2831044.0
1477949936.15, 2832558.0
1477949936.2, 2835586.0
1477949936.25, 2838614.0
1477949936.3, 2838614.0
1477949936.35, 2838614.0
1477949936.4, 2838614.0
1477949936.45, 2838614.0
1477949936.5, 2838614.0
1477949936.55, 2838614.0
1477949936.6, 2838614.0
1477949936.65, 2838614.0
1477949936.74, 2838614.0
1477949936.79, 2838614.0
1477949936.86, 2838614.0
1477949936.91, 2838614.0
1477949936.98, 2838614.0
1477949937.03, 2838614.0
1477949937.12, 2838614.0
1477949937.17, 2838614.0
1477949937.22, 2838614.0
1477949937.27, 2840128.0
1477949937.32, 2840128.0
1477949937.37, 2843156.0
1477949937.42, 2843156.0
1477949937.47, 2847698.0
1477949937.52, 2847698.0
1477949937.57, 2852240.0
1477949937.62, 2855268.0
1477949937.67, 2855268.0
1477949937.72, 2855268.0
1477949937.77, 2855268.0
1477949937.82, 2855268.0
1477949937.87, 2855268.0
1477949937.92, 2855268.0
1477949937.97, 2855268.0
1477949938.02, 2855268.0
1477949938.08, 2855268.0
1477949938.13, 2855268.0
1477949938.18, 2855268.0
1477949938.23, 2855268.0
1477949938.28, 2855268.0
1477949938.33, 2855268.0
1477949938.38, 2855268.0
1477949938.43, 2855268.0
1477949938.48, 2855268.0
1477949938.53, 2855268.0
1477949938.58, 2855268.0
1477949938.63, 2856782.0
1477949938.68, 2856782.0
1477949938.73, 2859810.0
1477949938.78, 2859810.0
1477949938.83, 2859810.0
1477949938.88, 2861324.0
1477949938.93, 2861324.0
1477949938.98, 2861324.0
1477949939.03, 2861324.0
1477949939.08, 2861324.0
1477949939.13, 2861324.0
1477949939.18, 2861324.0
1477949939.23, 2861324.0
1477949939.28, 2861324.0
1477949939.33, 2861324.0
1477949939.38, 2861324.0
1477949939.43, 2861324.0
1477949939.48, 2861324.0
1477949939.53, 2861324.0
1477949939.58, 2861324.0
1477949939.63, 2861324.0
1477949939.68, 2861324.0
1477949939.73, 2861324.0
1477949939.78, 2861324.0
1477949939.83, 2861324.0
1477949939.88, 2862838.0
1477949939.93, 2862838.0
1477949939.98, 2862838.0
1477949940.03, 2862838.0
1477949940.09, 2862838.0
1477949940.14, 2862838.0
1477949940.19, 2862838.0
1477949940.24, 2862838.0
1477949940.29, 2862838.0
1477949940.34, 2862838.0
1477949940.39, 2862838.0
1477949940.44, 2862838.0
1477949940.49, 2862838.0
1477949940.54, 2862838.0
1477949940.59, 2862838.0
1477949940.64, 2862838.0
1477949940.69, 2862838.0
1477949940.74, 2862838.0
1477949940.79, 2862838.0
1477949940.84, 2862838.0
1477949940.89, 2862838.0
1477949940.94, 2862838.0
1477949940.99, 2862838.0
1477949941.04, 2862838.0
1477949941.09, 2862838.0
1477949941.14, 2862838.0
1477949941.19, 2862838.0
1477949941.24, 2862838.0
1477949941.29, 2862838.0
1477949941.34, 2862838.0
1477949941.39, 2862838.0
1477949941.44, 2862838.0
1477949941.49, 2862838.0
1477949941.54, 2862838.0
1477949941.59, 2862838.0
1477949941.64, 2862838.0
1477949941.69, 2862838.0
1477949941.74, 2862838.0
1477949941.79, 2862838.0
1477949941.85, 2862838.0
1477949941.9, 2862838.0
1477949941.95, 2864352.0
1477949942.0, 2864352.0
1477949942.05, 2864352.0
1477949942.1, 2867380.0
1477949942.15, 2867380.0
1477949942.2, 2867380.0
1477949942.25, 2867380.0
1477949942.3, 2867380.0
1477949942.35, 2867380.0
1477949942.4, 2867380.0
1477949942.45, 2867380.0
1477949942.5, 2867380.0
1477949942.55, 2867380.0
1477949942.6, 2867380.0
1477949942.65, 2867380.0
1477949942.7, 2867380.0
1477949942.75, 2867380.0
1477949942.8, 2867380.0
1477949942.85, 2867380.0
1477949942.9, 2867380.0
1477949942.95, 2867380.0
1477949943.0, 2867380.0
1477949943.05, 2867380.0
1477949943.1, 2868894.0
1477949943.15, 2868894.0
1477949943.21, 2868894.0
1477949943.26, 2868894.0
1477949943.31, 2868894.0
1477949943.36, 2868894.0
1477949943.41, 2868894.0
1477949943.46, 2868894.0
1477949943.51, 2868894.0
1477949943.56, 2868894.0
1477949943.61, 2868894.0
1477949943.66, 2868894.0
1477949943.71, 2868894.0
1477949943.76, 2868894.0
1477949943.81, 2868894.0
1477949943.86, 2868894.0
1477949943.91, 2868894.0
1477949943.96, 2868894.0
1477949944.01, 2868894.0
1477949944.06, 2868894.0
1477949944.11, 2868894.0
1477949944.16, 2868894.0
1477949944.21, 2868894.0
1477949944.26, 2868894.0
1477949944.31, 2868894.0
1477949944.36, 2868894.0
1477949944.41, 2868894.0
1477949944.46, 2868894.0
1477949944.51, 2868894.0
1477949944.56, 2868894.0
1477949944.61, 2868894.0
1477949944.66, 2868894.0
1477949944.71, 2868894.0
1477949944.76, 2868894.0
1477949944.81, 2868894.0
1477949944.86, 2868894.0
1477949944.91, 2868894.0
1477949944.96, 2868894.0
1477949945.02, 2868894.0
1477949945.07, 2868894.0
1477949945.12, 2868894.0
1477949945.17, 2870408.0
1477949945.22, 2870408.0
1477949945.27, 2870408.0
1477949945.32, 2870408.0
1477949945.37, 2870408.0
1477949945.42, 2870408.0
1477949945.47, 2870408.0
1477949945.52, 2870408.0
1477949945.57, 2870408.0
1477949945.62, 2870408.0
1477949945.67, 2870408.0
1477949945.72, 2870408.0
1477949945.77, 2870408.0
1477949945.82, 2870408.0
1477949945.87, 2870408.0
1477949945.92, 2870408.0
1477949945.97, 2870408.0
1477949946.02, 2870408.0
1477949946.07, 2870408.0
1477949946.12, 2870408.0
1477949946.17, 2870408.0
1477949946.22, 2870408.0
1477949946.27, 2870408.0
1477949946.32, 2870408.0
1477949946.37, 2870408.0
1477949946.42, 2870408.0
1477949946.47, 2870408.0
1477949946.52, 2870408.0
1477949946.57, 2870408.0
1477949946.62, 2870408.0
1477949946.67, 2870408.0
1477949946.72, 2870408.0
1477949946.77, 2870408.0
1477949946.82, 2870408.0
1477949946.88, 2870408.0
1477949946.93, 2870408.0
1477949946.98, 2870408.0
1477949947.03, 2870408.0
1477949947.08, 2870408.0
1477949947.13, 2870408.0
1477949947.18, 2870408.0
1477949947.23, 2870408.0
1477949947.28, 2870408.0
1477949947.33, 2870408.0
1477949947.38, 2870408.0
1477949947.43, 2870408.0
1477949947.48, 2870408.0
1477949947.53, 2870408.0
1477949947.58, 2870408.0
1477949947.63, 2870408.0
1477949947.68, 2870408.0
1477949947.73, 2870408.0
1477949947.78, 2870408.0
1477949947.84, 2870408.0
1477949947.89, 2870408.0
1477949947.94, 2870408.0
1477949947.99, 2870408.0
1477949948.04, 2870408.0
1477949948.09, 2870408.0
1477949948.14, 2870408.0
1477949948.19, 2870408.0
1477949948.24, 2870408.0
1477949948.29, 2870408.0
1477949948.34, 2870408.0
1477949948.39, 2870408.0
1477949948.44, 2870408.0
1477949948.49, 2870408.0
1477949948.54, 2870408.0
1477949948.59, 2870408.0
1477949948.64, 2870408.0
1477949948.69, 2870408.0
1477949948.74, 2870408.0
1477949948.79, 2870408.0
1477949948.84, 2870408.0
1477949948.89, 2870408.0
1477949948.94, 2870408.0
1477949948.99, 2870408.0
1477949949.04, 2870408.0
1477949949.09, 2870408.0
1477949949.14, 2870408.0
1477949949.19, 2870408.0
1477949949.24, 2871922.0
1477949949.29, 2871922.0
1477949949.34, 2871922.0
1477949949.39, 2874950.0
1477949949.44, 2874950.0
1477949949.49, 2874950.0
1477949949.54, 2874950.0
1477949949.6, 2874950.0
1477949949.65, 2874950.0
1477949949.7, 2874950.0
1477949949.75, 2874950.0
1477949949.8, 2874950.0
1477949949.85, 2874950.0
1477949949.9, 2874950.0
1477949949.95, 2874950.0
1477949950.0, 2874950.0
1477949950.05, 2874950.0
1477949950.1, 2874950.0
1477949950.15, 2874950.0
1477949950.2, 2874950.0
1477949950.25, 2874950.0
1477949950.3, 2874950.0
1477949950.35, 2874950.0
1477949950.4, 2874950.0
1477949950.45, 2876464.0
1477949950.5, 2876464.0
1477949950.55, 2876464.0
1477949950.6, 2876464.0
1477949950.65, 2876464.0
1477949950.7, 2876464.0
1477949950.75, 2876464.0
1477949950.8, 2876464.0
1477949950.85, 2876464.0
1477949950.9, 2876464.0
1477949950.95, 2876464.0
1477949951.0, 2876464.0
1477949951.06, 2876464.0
1477949951.11, 2876464.0
1477949951.16, 2876464.0
1477949951.21, 2876464.0
1477949951.26, 2876464.0
1477949951.31, 2876464.0
1477949951.36, 2876464.0
1477949951.41, 2876464.0
1477949951.46, 2876464.0
1477949951.51, 2876464.0
1477949951.56, 2876464.0
1477949951.61, 2876464.0
1477949951.66, 2876464.0
1477949951.71, 2876464.0
1477949951.76, 2876464.0
1477949951.81, 2876464.0
1477949951.86, 2876464.0
1477949951.91, 2876464.0
1477949951.97, 2876464.0
1477949952.02, 2876464.0
1477949952.07, 2876464.0
1477949952.12, 2876464.0
1477949952.17, 2876464.0
1477949952.22, 2876464.0
1477949952.27, 2876464.0
1477949952.32, 2876464.0
1477949952.37, 2876464.0
1477949952.42, 2876464.0
1477949952.47, 2877978.0
1477949952.52, 2877978.0
1477949952.57, 2877978.0
1477949952.62, 2877978.0
1477949952.67, 2877978.0
1477949952.72, 2877978.0
1477949952.78, 2877978.0
1477949952.83, 2877978.0
1477949952.88, 2877978.0
1477949952.93, 2877978.0
1477949952.98, 2877978.0
1477949953.03, 2877978.0
1477949953.08, 2877978.0
1477949953.13, 2877978.0
1477949953.18, 2877978.0
1477949953.23, 2877978.0
1477949953.28, 2877978.0
1477949953.33, 2877978.0
1477949953.38, 2877978.0
1477949953.43, 2877978.0
1477949953.48, 2877978.0
1477949953.53, 2877978.0
1477949953.58, 2877978.0
1477949953.63, 2877978.0
1477949953.68, 2877978.0
1477949953.73, 2877978.0
1477949953.78, 2877978.0
1477949953.83, 2877978.0
1477949953.88, 2877978.0
1477949953.93, 2877978.0
1477949953.98, 2877978.0
1477949954.03, 2877978.0
1477949954.08, 2877978.0
1477949954.13, 2877978.0
1477949954.19, 2877978.0
1477949954.24, 2877978.0
1477949954.29, 2877978.0
1477949954.34, 2877978.0
1477949954.39, 2877978.0
1477949954.44, 2877978.0
1477949954.49, 2877978.0
1477949954.54, 2877978.0
1477949954.59, 2877978.0
1477949954.64, 2877978.0
1477949954.69, 2877978.0
1477949954.74, 2877978.0
1477949954.79, 2877978.0
1477949954.84, 2877978.0
1477949954.89, 2877978.0
1477949954.94, 2877978.0
1477949954.99, 2877978.0
1477949955.04, 2877978.0
1477949955.09, 2877978.0
1477949955.14, 2877978.0
1477949955.19, 2877978.0
1477949955.24, 2877978.0
1477949955.29, 2877978.0
1477949955.34, 2877978.0
1477949955.4, 2877978.0
1477949955.45, 2877978.0
1477949955.5, 2877978.0
1477949955.55, 2877978.0
1477949955.6, 2877978.0
1477949955.65, 2877978.0
1477949955.7, 2877978.0
1477949955.75, 2877978.0
1477949955.8, 2877978.0
1477949955.85, 2877978.0
1477949955.9, 2877978.0
1477949955.95, 2877978.0
1477949956.0, 2877978.0
1477949956.05, 2877978.0
1477949956.1, 2877978.0
1477949956.15, 2877978.0
1477949956.2, 2877978.0
1477949956.25, 2877978.0
1477949956.3, 2877978.0
1477949956.36, 2877978.0
1477949956.41, 2877978.0
1477949956.46, 2877978.0
1477949956.51, 2877978.0
1477949956.56, 2877978.0
1477949956.61, 2879492.0
1477949956.66, 2879492.0
1477949956.71, 2882520.0
1477949956.76, 2882520.0
1477949956.81, 2882520.0
1477949956.86, 2882520.0
1477949956.91, 2882520.0
1477949956.96, 2882520.0
1477949957.01, 2882520.0
1477949957.06, 2882520.0
1477949957.11, 2882520.0
1477949957.16, 2882520.0
1477949957.21, 2882520.0
1477949957.26, 2882520.0
1477949957.31, 2882520.0
1477949957.36, 2882520.0
1477949957.41, 2882520.0
1477949957.46, 2882520.0
1477949957.51, 2882520.0
1477949957.56, 2882520.0
1477949957.61, 2882520.0
1477949957.66, 2882520.0
1477949957.71, 2882520.0
1477949957.76, 2884034.0
1477949957.81, 2884034.0
1477949957.86, 2884034.0
1477949957.91, 2884034.0
1477949957.96, 2884034.0
1477949958.01, 2884034.0
1477949958.06, 2884034.0
1477949958.12, 2884034.0
1477949958.17, 2884034.0
1477949958.22, 2884034.0
1477949958.27, 2884034.0
1477949958.32, 2884034.0
1477949958.37, 2884034.0
1477949958.42, 2884034.0
1477949958.47, 2884034.0
1477949958.52, 2884034.0
1477949958.57, 2884034.0
1477949958.62, 2884034.0
1477949958.67, 2884034.0
1477949958.72, 2884034.0
1477949958.77, 2884034.0
1477949958.82, 2884034.0
1477949958.87, 2884034.0
1477949958.92, 2884034.0
1477949958.97, 2884034.0
1477949959.02, 2884034.0
1477949959.07, 2884034.0
1477949959.12, 2884034.0
1477949959.17, 2884034.0
1477949959.22, 2884034.0
1477949959.27, 2884034.0
1477949959.32, 2884034.0
1477949959.37, 2884034.0
1477949959.42, 2884034.0
1477949959.47, 2884034.0
1477949959.52, 2884034.0
1477949959.57, 2884034.0
1477949959.62, 2884034.0
1477949959.67, 2884034.0
1477949959.72, 2884034.0
1477949959.77, 2884034.0
1477949959.82, 2885548.0
1477949959.87, 2885548.0
1477949959.92, 2885548.0
1477949959.97, 2888576.0
1477949960.02, 2888576.0
1477949960.07, 2888576.0
1477949960.12, 2888576.0
1477949960.17, 2888576.0
1477949960.23, 2888576.0
1477949960.28, 2888576.0
1477949960.33, 2888576.0
1477949960.38, 2888576.0
1477949960.43, 2888576.0
1477949960.48, 2888576.0
1477949960.53, 2888576.0
1477949960.58, 2888576.0
1477949960.63, 2888576.0
1477949960.68, 2888576.0
1477949960.73, 2888576.0
1477949960.78, 2888576.0
1477949960.83, 2888576.0
1477949960.88, 2888576.0
1477949960.93, 2888576.0
1477949960.98, 2890090.0
1477949961.03, 2890090.0
1477949961.08, 2890090.0
1477949961.13, 2893118.0
1477949961.18, 2893118.0
1477949961.23, 2893118.0
1477949961.28, 2893118.0
1477949961.33, 2893118.0
1477949961.38, 2893118.0
1477949961.43, 2893118.0
1477949961.48, 2893118.0
1477949961.53, 2893118.0
1477949961.58, 2893118.0
1477949961.63, 2893118.0
1477949961.68, 2893118.0
1477949961.73, 2893160.0
1477949961.79, 2893160.0
1477949961.84, 2893160.0
1477949961.89, 2893160.0
1477949961.94, 2893160.0
1477949961.99, 2893160.0
1477949962.04, 2893160.0
1477949962.09, 2893160.0
1477949962.14, 2894674.0
1477949962.19, 2894674.0
1477949962.24, 2894674.0
1477949962.29, 2894674.0
1477949962.35, 2894674.0
1477949962.4, 2894674.0
1477949962.46, 2894674.0
1477949962.53, 2894674.0
1477949962.61, 2894674.0
1477949962.66, 2894674.0
1477949962.71, 2894716.0
1477949962.76, 2894716.0
1477949962.81, 2894716.0
1477949962.86, 2894716.0
1477949962.91, 2894716.0
1477949962.97, 2894716.0
1477949963.02, 2894716.0
1477949963.07, 2894716.0
1477949963.12, 2894716.0
1477949963.17, 2894716.0
1477949963.22, 2894716.0
1477949963.27, 2894716.0
1477949963.32, 2894716.0
1477949963.37, 2894716.0
1477949963.42, 2894716.0
1477949963.47, 2894716.0
1477949963.52, 2894716.0
1477949963.57, 2894716.0
1477949963.62, 2894716.0
1477949963.67, 2894716.0
1477949963.72, 2894716.0
1477949963.77, 2894716.0
1477949963.82, 2894716.0
1477949963.87, 2894716.0
1477949963.92, 2894716.0
1477949963.97, 2894716.0
1477949964.02, 2894716.0
1477949964.07, 2894716.0
1477949964.12, 2894716.0
1477949964.17, 2894716.0
1477949964.22, 2896230.0
1477949964.27, 2896230.0
1477949964.32, 2896230.0
1477949964.37, 2899258.0
1477949964.42, 2899258.0
1477949964.47, 2899258.0
1477949964.52, 2899258.0
1477949964.57, 2899258.0
1477949964.62, 2899258.0
1477949964.67, 2899258.0
1477949964.73, 2899258.0
1477949964.78, 2899258.0
1477949964.83, 2899258.0
1477949964.88, 2899258.0
1477949964.93, 2899258.0
1477949964.98, 2899258.0
1477949965.03, 2899258.0
1477949965.08, 2899258.0
1477949965.13, 2899258.0
1477949965.18, 2899258.0
1477949965.23, 2899258.0
1477949965.28, 2899258.0
1477949965.33, 2899258.0
1477949965.38, 2900772.0
1477949965.43, 2900772.0
1477949965.48, 2900772.0
1477949965.53, 2903800.0
1477949965.58, 2903800.0
1477949965.63, 2903800.0
1477949965.68, 2903800.0
1477949965.73, 2903800.0
1477949965.78, 2903800.0
1477949965.84, 2903800.0
1477949965.89, 2903800.0
1477949965.94, 2903800.0
1477949965.99, 2903800.0
