1477949934.72, 2416622.0
1477949934.84, 2440516.0
1477949934.94, 2458420.0
1477949935.02, 2474810.0
1477949935.15, 2495808.0
1477949935.23, 2512330.0
1477949935.31, 2527272.0
1477949935.39, 2542214.0
1477949935.49, 2561698.0
1477949935.6, 2581248.0
1477949935.69, 2596256.0
1477949935.79, 2617320.0
1477949935.91, 2638594.0
1477949936.0, 2650921.0
1477949936.05, 2653925.0
1477949936.1, 2657156.0
1477949936.15, 2658712.0
1477949936.2, 2661674.0
1477949936.25, 2663188.0
1477949936.3, 2663230.0
1477949936.35, 2663314.0
1477949936.4, 2663482.0
1477949936.45, 2663608.0
1477949936.5, 2663734.0
1477949936.55, 2663776.0
1477949936.6, 2663818.0
1477949936.65, 2663944.0
1477949936.74, 2663944.0
1477949936.79, 2664028.0
1477949936.86, 2664112.0
1477949936.91, 2664196.0
1477949936.98, 2664322.0
1477949937.03, 2664406.0
1477949937.12, 2664616.0
1477949937.17, 2664658.0
1477949937.22, 2664742.0
1477949937.27, 2664826.0
1477949937.32, 2664868.0
1477949937.37, 2666424.0
1477949937.42, 2666424.0
1477949937.47, 2669536.0
1477949937.52, 2669536.0
1477949937.57, 2672564.0
1477949937.62, 2674162.0
1477949937.67, 2674162.0
1477949937.72, 2674162.0
1477949937.77, 2674204.0
1477949937.82, 2674204.0
1477949937.87, 2674204.0
1477949937.92, 2674204.0
1477949937.97, 2674204.0
1477949938.02, 2674204.0
1477949938.08, 2674246.0
1477949938.13, 2674288.0
1477949938.18, 2674288.0
1477949938.23, 2674288.0
1477949938.28, 2674372.0
1477949938.33, 2674372.0
1477949938.38, 2674372.0
1477949938.43, 2674372.0
1477949938.48, 2674414.0
1477949938.53, 2674414.0
1477949938.58, 2674414.0
1477949938.63, 2674456.0
1477949938.68, 2674456.0
1477949938.73, 2675970.0
1477949938.78, 2675970.0
1477949938.83, 2675970.0
1477949938.88, 2677484.0
1477949938.93, 2677484.0
1477949938.98, 2677484.0
1477949939.03, 2677484.0
1477949939.08, 2677484.0
1477949939.13, 2677484.0
1477949939.18, 2677484.0
1477949939.23, 2677484.0
1477949939.28, 2677484.0
1477949939.33, 2677484.0
1477949939.38, 2677484.0
1477949939.43, 2677484.0
1477949939.48, 2677484.0
1477949939.53, 2677484.0
1477949939.58, 2677484.0
1477949939.63, 2677484.0
1477949939.68, 2677484.0
1477949939.73, 2677484.0
1477949939.78, 2677484.0
1477949939.83, 2677484.0
1477949939.88, 2677484.0
1477949939.93, 2677484.0
1477949939.98, 2677484.0
1477949940.03, 2677484.0
1477949940.09, 2677484.0
1477949940.14, 2677484.0
1477949940.19, 2677484.0
1477949940.24, 2677484.0
1477949940.29, 2677484.0
1477949940.34, 2677484.0
1477949940.39, 2677484.0
1477949940.44, 2677484.0
1477949940.49, 2677484.0
1477949940.54, 2677484.0
1477949940.59, 2677484.0
1477949940.64, 2677484.0
1477949940.69, 2677484.0
1477949940.74, 2677484.0
1477949940.79, 2677484.0
1477949940.84, 2677484.0
1477949940.89, 2677484.0
1477949940.94, 2677526.0
1477949940.99, 2677526.0
1477949941.04, 2677526.0
1477949941.09, 2677526.0
1477949941.14, 2677526.0
1477949941.19, 2677526.0
1477949941.24, 2677568.0
1477949941.29, 2677568.0
1477949941.34, 2677568.0
1477949941.39, 2677610.0
1477949941.44, 2677610.0
1477949941.49, 2677610.0
1477949941.54, 2677610.0
1477949941.59, 2677610.0
1477949941.64, 2677610.0
1477949941.69, 2677610.0
1477949941.74, 2677610.0
1477949941.79, 2677610.0
1477949941.85, 2677610.0
1477949941.9, 2677610.0
1477949941.95, 2677610.0
1477949942.0, 2677610.0
1477949942.05, 2677610.0
1477949942.1, 2679124.0
1477949942.15, 2679124.0
1477949942.2, 2679124.0
1477949942.25, 2679124.0
1477949942.3, 2679124.0
1477949942.35, 2679124.0
1477949942.4, 2679124.0
1477949942.45, 2679124.0
1477949942.5, 2679124.0
1477949942.55, 2679124.0
1477949942.6, 2679124.0
1477949942.65, 2679124.0
1477949942.7, 2679124.0
1477949942.75, 2679124.0
1477949942.8, 2679124.0
1477949942.85, 2679124.0
1477949942.9, 2679124.0
1477949942.95, 2679124.0
1477949943.0, 2679124.0
1477949943.05, 2679124.0
1477949943.1, 2679124.0
1477949943.15, 2679124.0
1477949943.21, 2679124.0
1477949943.26, 2679124.0
1477949943.31, 2679124.0
1477949943.36, 2679124.0
1477949943.41, 2679124.0
1477949943.46, 2679124.0
1477949943.51, 2679124.0
1477949943.56, 2679124.0
1477949943.61, 2679124.0
1477949943.66, 2679124.0
1477949943.71, 2679124.0
1477949943.76, 2679124.0
1477949943.81, 2679124.0
1477949943.86, 2679124.0
1477949943.91, 2679124.0
1477949943.96, 2679124.0
1477949944.01, 2679124.0
1477949944.06, 2679124.0
1477949944.11, 2679124.0
1477949944.16, 2679124.0
1477949944.21, 2679124.0
1477949944.26, 2679124.0
1477949944.31, 2679124.0
1477949944.36, 2679124.0
1477949944.41, 2679124.0
1477949944.46, 2679124.0
1477949944.51, 2679124.0
1477949944.56, 2679124.0
1477949944.61, 2679124.0
1477949944.66, 2679124.0
1477949944.71, 2679124.0
1477949944.76, 2679124.0
1477949944.81, 2679124.0
1477949944.86, 2679124.0
1477949944.91, 2679124.0
1477949944.96, 2679124.0
1477949945.02, 2679124.0
1477949945.07, 2679124.0
1477949945.12, 2679124.0
1477949945.17, 2679124.0
1477949945.22, 2679124.0
1477949945.27, 2679124.0
1477949945.32, 2679124.0
1477949945.37, 2679124.0
1477949945.42, 2679124.0
1477949945.47, 2679124.0
1477949945.52, 2679124.0
1477949945.57, 2679124.0
1477949945.62, 2679124.0
1477949945.67, 2679124.0
1477949945.72, 2679124.0
1477949945.77, 2679124.0
1477949945.82, 2679124.0
1477949945.87, 2679124.0
1477949945.92, 2679124.0
1477949945.97, 2679124.0
1477949946.02, 2679124.0
1477949946.07, 2679124.0
1477949946.12, 2679124.0
1477949946.17, 2679124.0
1477949946.22, 2679124.0
1477949946.27, 2679124.0
1477949946.32, 2679124.0
1477949946.37, 2679124.0
1477949946.42, 2679124.0
1477949946.47, 2679124.0
1477949946.52, 2679124.0
1477949946.57, 2679124.0
1477949946.62, 2679124.0
1477949946.67, 2679124.0
1477949946.72, 2679124.0
1477949946.77, 2679124.0
1477949946.82, 2679124.0
1477949946.88, 2679124.0
1477949946.93, 2679124.0
1477949946.98, 2679124.0
1477949947.03, 2679124.0
1477949947.08, 2679124.0
1477949947.13, 2679124.0
1477949947.18, 2679124.0
1477949947.23, 2679124.0
1477949947.28, 2679124.0
1477949947.33, 2679124.0
1477949947.38, 2679124.0
1477949947.43, 2679124.0
1477949947.48, 2679124.0
1477949947.53, 2679124.0
1477949947.58, 2679124.0
1477949947.63, 2679124.0
1477949947.68, 2679124.0
1477949947.73, 2679124.0
1477949947.78, 2679124.0
1477949947.84, 2679124.0
1477949947.89, 2679124.0
1477949947.94, 2679124.0
1477949947.99, 2679124.0
1477949948.04, 2679124.0
1477949948.09, 2679124.0
1477949948.14, 2679124.0
1477949948.19, 2679124.0
1477949948.24, 2679124.0
1477949948.29, 2679124.0
1477949948.34, 2679124.0
1477949948.39, 2679124.0
1477949948.44, 2679124.0
1477949948.49, 2679124.0
1477949948.54, 2679124.0
1477949948.59, 2679124.0
1477949948.64, 2679124.0
1477949948.69, 2679124.0
1477949948.74, 2679124.0
1477949948.79, 2679124.0
1477949948.84, 2679124.0
1477949948.89, 2679124.0
1477949948.94, 2679124.0
1477949948.99, 2679124.0
1477949949.04, 2679124.0
1477949949.09, 2679124.0
1477949949.14, 2679124.0
1477949949.19, 2679124.0
1477949949.24, 2679124.0
1477949949.29, 2679124.0
1477949949.34, 2679124.0
1477949949.39, 2680638.0
1477949949.44, 2680638.0
1477949949.49, 2680638.0
1477949949.54, 2680638.0
1477949949.6, 2680638.0
1477949949.65, 2680638.0
1477949949.7, 2680638.0
1477949949.75, 2680638.0
1477949949.8, 2680638.0
1477949949.85, 2680638.0
1477949949.9, 2680638.0
1477949949.95, 2680638.0
1477949950.0, 2680638.0
1477949950.05, 2680638.0
1477949950.1, 2680638.0
1477949950.15, 2680638.0
1477949950.2, 2680638.0
1477949950.25, 2680638.0
1477949950.3, 2680638.0
1477949950.35, 2680638.0
1477949950.4, 2680638.0
1477949950.45, 2680638.0
1477949950.5, 2680638.0
1477949950.55, 2680638.0
1477949950.6, 2680638.0
1477949950.65, 2680638.0
1477949950.7, 2680638.0
1477949950.75, 2680638.0
1477949950.8, 2680638.0
1477949950.85, 2680638.0
1477949950.9, 2680638.0
1477949950.95, 2680638.0
1477949951.0, 2680638.0
1477949951.06, 2680638.0
1477949951.11, 2680638.0
1477949951.16, 2680638.0
1477949951.21, 2680638.0
1477949951.26, 2680638.0
1477949951.31, 2680638.0
1477949951.36, 2680638.0
1477949951.41, 2680638.0
1477949951.46, 2680638.0
1477949951.51, 2680638.0
1477949951.56, 2680638.0
1477949951.61, 2680638.0
1477949951.66, 2680638.0
1477949951.71, 2680638.0
1477949951.76, 2680638.0
1477949951.81, 2680638.0
1477949951.86, 2680638.0
1477949951.91, 2680638.0
1477949951.97, 2680841.0
1477949952.02, 2680841.0
1477949952.07, 2680841.0
1477949952.12, 2680841.0
1477949952.17, 2680841.0
1477949952.22, 2680841.0
1477949952.27, 2680841.0
1477949952.32, 2680841.0
1477949952.37, 2680841.0
1477949952.42, 2680841.0
1477949952.47, 2680841.0
1477949952.52, 2680841.0
1477949952.57, 2680841.0
1477949952.62, 2680841.0
1477949952.67, 2680841.0
1477949952.72, 2680841.0
1477949952.78, 2680841.0
1477949952.83, 2680841.0
1477949952.88, 2680841.0
1477949952.93, 2680841.0
1477949952.98, 2680841.0
1477949953.03, 2680841.0
1477949953.08, 2680841.0
1477949953.13, 2680841.0
1477949953.18, 2680841.0
1477949953.23, 2680841.0
1477949953.28, 2680841.0
1477949953.33, 2680841.0
1477949953.38, 2680841.0
1477949953.43, 2680841.0
1477949953.48, 2680841.0
1477949953.53, 2680841.0
1477949953.58, 2680841.0
1477949953.63, 2680841.0
1477949953.68, 2680841.0
1477949953.73, 2680841.0
1477949953.78, 2680841.0
1477949953.83, 2680841.0
1477949953.88, 2680841.0
1477949953.93, 2680841.0
1477949953.98, 2680841.0
1477949954.03, 2680841.0
1477949954.08, 2680841.0
1477949954.13, 2680841.0
1477949954.19, 2680841.0
1477949954.24, 2680841.0
1477949954.29, 2680841.0
1477949954.34, 2680841.0
1477949954.39, 2680841.0
1477949954.44, 2680841.0
1477949954.49, 2680841.0
1477949954.54, 2680841.0
1477949954.59, 2680841.0
1477949954.64, 2680841.0
1477949954.69, 2680841.0
1477949954.74, 2680841.0
1477949954.79, 2680841.0
1477949954.84, 2680841.0
1477949954.89, 2680841.0
1477949954.94, 2680841.0
1477949954.99, 2680841.0
1477949955.04, 2680841.0
1477949955.09, 2680841.0
1477949955.14, 2680841.0
1477949955.19, 2680841.0
1477949955.24, 2680841.0
1477949955.29, 2680841.0
1477949955.34, 2680841.0
1477949955.4, 2680841.0
1477949955.45, 2680841.0
1477949955.5, 2680841.0
1477949955.55, 2680841.0
1477949955.6, 2680841.0
1477949955.65, 2680841.0
1477949955.7, 2680841.0
1477949955.75, 2680841.0
1477949955.8, 2680841.0
1477949955.85, 2680841.0
1477949955.9, 2680841.0
1477949955.95, 2680841.0
1477949956.0, 2680841.0
1477949956.05, 2680841.0
1477949956.1, 2680841.0
1477949956.15, 2680841.0
1477949956.2, 2680841.0
1477949956.25, 2680841.0
1477949956.3, 2680841.0
1477949956.36, 2680841.0
1477949956.41, 2680841.0
1477949956.46, 2680841.0
1477949956.51, 2680841.0
1477949956.56, 2680841.0
1477949956.61, 2680841.0
1477949956.66, 2680841.0
1477949956.71, 2682355.0
1477949956.76, 2682355.0
1477949956.81, 2682355.0
1477949956.86, 2682355.0
1477949956.91, 2682355.0
1477949956.96, 2682355.0
1477949957.01, 2682355.0
1477949957.06, 2682355.0
1477949957.11, 2682355.0
1477949957.16, 2682355.0
1477949957.21, 2682355.0
1477949957.26, 2682355.0
1477949957.31, 2682355.0
1477949957.36, 2682355.0
1477949957.41, 2682355.0
1477949957.46, 2682355.0
1477949957.51, 2682355.0
1477949957.56, 2682355.0
1477949957.61, 2682355.0
1477949957.66, 2682355.0
1477949957.71, 2682355.0
1477949957.76, 2682355.0
1477949957.81, 2682355.0
1477949957.86, 2682355.0
1477949957.91, 2682355.0
1477949957.96, 2682355.0
1477949958.01, 2682355.0
1477949958.06, 2682355.0
1477949958.12, 2682355.0
1477949958.17, 2682355.0
1477949958.22, 2682355.0
1477949958.27, 2682355.0
1477949958.32, 2682355.0
1477949958.37, 2682355.0
1477949958.42, 2682355.0
1477949958.47, 2682355.0
1477949958.52, 2682355.0
1477949958.57, 2682355.0
1477949958.62, 2682355.0
1477949958.67, 2682355.0
1477949958.72, 2682355.0
1477949958.77, 2682355.0
1477949958.82, 2682355.0
1477949958.87, 2682355.0
1477949958.92, 2682355.0
1477949958.97, 2682355.0
1477949959.02, 2682355.0
1477949959.07, 2682355.0
1477949959.12, 2682355.0
1477949959.17, 2682355.0
1477949959.22, 2682355.0
1477949959.27, 2682355.0
1477949959.32, 2682355.0
1477949959.37, 2682355.0
1477949959.42, 2682355.0
1477949959.47, 2682355.0
1477949959.52, 2682355.0
1477949959.57, 2682355.0
1477949959.62, 2682355.0
1477949959.67, 2682355.0
1477949959.72, 2682355.0
1477949959.77, 2682355.0
1477949959.82, 2682355.0
1477949959.87, 2682355.0
1477949959.92, 2682355.0
1477949959.97, 2684072.0
1477949960.02, 2684072.0
1477949960.07, 2684072.0
1477949960.12, 2684072.0
1477949960.17, 2684072.0
1477949960.23, 2684072.0
1477949960.28, 2684072.0
1477949960.33, 2684072.0
1477949960.38, 2684072.0
1477949960.43, 2684072.0
1477949960.48, 2684072.0
1477949960.53, 2684072.0
1477949960.58, 2684072.0
1477949960.63, 2684072.0
1477949960.68, 2684072.0
1477949960.73, 2684072.0
1477949960.78, 2684072.0
1477949960.83, 2684072.0
1477949960.88, 2684072.0
1477949960.93, 2684072.0
1477949960.98, 2684072.0
1477949961.03, 2684072.0
1477949961.08, 2684072.0
1477949961.13, 2685586.0
1477949961.18, 2685586.0
1477949961.23, 2685586.0
1477949961.28, 2685586.0
1477949961.33, 2685586.0
1477949961.38, 2685586.0
1477949961.43, 2685586.0
1477949961.48, 2685586.0
1477949961.53, 2685586.0
1477949961.58, 2685586.0
1477949961.63, 2685586.0
1477949961.68, 2685586.0
1477949961.73, 2685586.0
1477949961.79, 2685586.0
1477949961.84, 2685586.0
1477949961.89, 2685586.0
1477949961.94, 2685586.0
1477949961.99, 2685586.0
1477949962.04, 2685586.0
1477949962.09, 2685586.0
1477949962.14, 2685586.0
1477949962.19, 2685586.0
1477949962.24, 2685586.0
1477949962.29, 2685586.0
1477949962.35, 2685586.0
1477949962.4, 2685586.0
1477949962.46, 2685586.0
1477949962.53, 2685586.0
1477949962.61, 2685586.0
1477949962.66, 2685586.0
1477949962.71, 2685586.0
1477949962.76, 2685586.0
1477949962.81, 2685586.0
1477949962.86, 2685628.0
1477949962.91, 2685628.0
1477949962.97, 2685628.0
1477949963.02, 2685628.0
1477949963.07, 2685628.0
1477949963.12, 2685628.0
1477949963.17, 2685628.0
1477949963.22, 2685628.0
1477949963.27, 2685628.0
1477949963.32, 2685628.0
1477949963.37, 2685628.0
1477949963.42, 2685628.0
1477949963.47, 2685628.0
1477949963.52, 2685628.0
1477949963.57, 2685628.0
1477949963.62, 2685628.0
1477949963.67, 2685628.0
1477949963.72, 2685628.0
1477949963.77, 2685628.0
1477949963.82, 2685628.0
1477949963.87, 2685628.0
1477949963.92, 2685628.0
1477949963.97, 2685628.0
1477949964.02, 2685628.0
1477949964.07, 2685628.0
1477949964.12, 2685628.0
1477949964.17, 2685628.0
1477949964.22, 2685628.0
1477949964.27, 2685628.0
1477949964.32, 2687142.0
1477949964.37, 2687142.0
1477949964.42, 2687142.0
1477949964.47, 2687142.0
1477949964.52, 2687142.0
1477949964.57, 2687142.0
1477949964.62, 2687142.0
1477949964.67, 2687142.0
1477949964.73, 2687142.0
1477949964.78, 2687142.0
1477949964.83, 2687142.0
1477949964.88, 2687142.0
1477949964.93, 2687142.0
1477949964.98, 2687142.0
1477949965.03, 2687142.0
1477949965.08, 2687142.0
1477949965.13, 2687142.0
1477949965.18, 2687142.0
1477949965.23, 2687142.0
1477949965.28, 2687142.0
1477949965.33, 2687142.0
1477949965.38, 2687142.0
1477949965.43, 2687142.0
1477949965.48, 2687142.0
1477949965.53, 2688656.0
1477949965.58, 2688656.0
1477949965.63, 2688656.0
1477949965.68, 2688656.0
1477949965.73, 2688656.0
1477949965.78, 2688656.0
1477949965.84, 2688656.0
1477949965.89, 2688656.0
1477949965.94, 2688656.0
1477949965.99, 2688656.0
