1477949934.72, 23859.0
1477949934.84, 23859.0
1477949934.94, 23859.0
1477949935.02, 23859.0
1477949935.15, 23859.0
1477949935.23, 23859.0
1477949935.31, 23859.0
1477949935.39, 23859.0
1477949935.49, 23859.0
1477949935.6, 23859.0
1477949935.69, 23859.0
1477949935.79, 23859.0
1477949935.91, 24069.0
1477949936.0, 28725.0
1477949936.05, 34695.0
1477949936.1, 40826.0
1477949936.15, 48278.0
1477949936.2, 55688.0
1477949936.25, 63098.0
1477949936.3, 72032.0
1477949936.35, 81008.0
1477949936.4, 91550.0
1477949936.45, 100568.0
1477949936.5, 109586.0
1477949936.55, 120002.0
1477949936.6, 128936.0
1477949936.65, 137954.0
1477949936.74, 154256.0
1477949936.79, 163232.0
1477949936.86, 176654.0
1477949936.91, 187112.0
1477949936.98, 200576.0
1477949937.03, 208070.0
1477949937.12, 224582.0
1477949937.17, 234998.0
1477949937.22, 245456.0
1477949937.27, 254432.0
1477949937.32, 263366.0
1477949937.37, 272300.0
1477949937.42, 281192.0
1477949937.47, 287204.0
1477949937.52, 297578.0
1477949937.57, 303506.0
1477949937.62, 311000.0
1477949937.67, 321374.0
1477949937.72, 330266.0
1477949937.77, 339200.0
1477949937.82, 349574.0
1477949937.87, 358466.0
1477949937.92, 367358.0
1477949937.97, 377732.0
1477949938.02, 386624.0
1477949938.08, 395558.0
1477949938.13, 405974.0
1477949938.18, 414866.0
1477949938.23, 423758.0
1477949938.28, 434216.0
1477949938.33, 443108.0
1477949938.38, 452000.0
1477949938.43, 462374.0
1477949938.48, 471308.0
1477949938.53, 480200.0
1477949938.58, 490574.0
1477949938.63, 499508.0
1477949938.68, 508400.0
1477949938.73, 517292.0
1477949938.78, 526184.0
1477949938.83, 535076.0
1477949938.88, 543968.0
1477949938.93, 552860.0
1477949938.98, 561752.0
1477949939.03, 572126.0
1477949939.08, 581018.0
1477949939.13, 591392.0
1477949939.18, 600284.0
1477949939.23, 609176.0
1477949939.28, 619550.0
1477949939.33, 628442.0
1477949939.38, 637334.0
1477949939.43, 647708.0
1477949939.48, 656600.0
1477949939.53, 665492.0
1477949939.58, 675866.0
1477949939.63, 684758.0
1477949939.68, 693650.0
1477949939.73, 704024.0
1477949939.78, 712916.0
1477949939.83, 723290.0
1477949939.88, 732182.0
1477949939.93, 741074.0
1477949939.98, 751448.0
1477949940.03, 760340.0
1477949940.09, 770714.0
1477949940.14, 779606.0
1477949940.19, 788498.0
1477949940.24, 798872.0
1477949940.29, 807764.0
1477949940.34, 816656.0
1477949940.39, 827030.0
1477949940.44, 835922.0
1477949940.49, 844814.0
1477949940.54, 855188.0
1477949940.59, 864080.0
1477949940.64, 874454.0
1477949940.69, 883346.0
1477949940.74, 892238.0
1477949940.79, 902612.0
1477949940.84, 911504.0
1477949940.89, 920396.0
1477949940.94, 930812.0
1477949940.99, 939704.0
1477949941.04, 948596.0
1477949941.09, 958970.0
1477949941.14, 967862.0
1477949941.19, 976754.0
1477949941.24, 987170.0
1477949941.29, 996062.0
1477949941.34, 1004954.0
1477949941.39, 1015370.0
1477949941.44, 1024262.0
1477949941.49, 1034636.0
1477949941.54, 1043528.0
1477949941.59, 1052420.0
1477949941.64, 1062794.0
1477949941.69, 1071686.0
1477949941.74, 1080578.0
1477949941.79, 1090952.0
1477949941.85, 1099844.0
1477949941.9, 1108736.0
1477949941.95, 1119110.0
1477949942.0, 1128002.0
1477949942.05, 1136894.0
1477949942.1, 1145786.0
1477949942.15, 1154678.0
1477949942.2, 1165052.0
1477949942.25, 1173944.0
1477949942.3, 1182836.0
1477949942.35, 1193210.0
1477949942.4, 1202102.0
1477949942.45, 1210994.0
1477949942.5, 1221368.0
1477949942.55, 1230260.0
1477949942.6, 1240634.0
1477949942.65, 1249526.0
1477949942.7, 1258418.0
1477949942.75, 1268792.0
1477949942.8, 1277684.0
1477949942.85, 1286576.0
1477949942.9, 1296950.0
1477949942.95, 1305842.0
1477949943.0, 1314734.0
1477949943.05, 1325108.0
1477949943.1, 1334000.0
1477949943.15, 1344374.0
1477949943.21, 1353266.0
1477949943.26, 1362158.0
1477949943.31, 1372532.0
1477949943.36, 1381424.0
1477949943.41, 1391798.0
1477949943.46, 1400690.0
1477949943.51, 1409582.0
1477949943.56, 1419956.0
1477949943.61, 1428848.0
1477949943.66, 1437740.0
1477949943.71, 1448114.0
1477949943.76, 1457006.0
1477949943.81, 1465898.0
1477949943.86, 1476272.0
1477949943.91, 1485164.0
1477949943.96, 1494056.0
1477949944.01, 1504430.0
1477949944.06, 1513322.0
1477949944.11, 1522214.0
1477949944.16, 1532588.0
1477949944.21, 1541480.0
1477949944.26, 1551854.0
1477949944.31, 1560746.0
1477949944.36, 1569638.0
1477949944.41, 1580012.0
1477949944.46, 1588904.0
1477949944.51, 1597796.0
1477949944.56, 1608170.0
1477949944.61, 1617062.0
1477949944.66, 1627436.0
1477949944.71, 1636328.0
1477949944.76, 1645220.0
1477949944.81, 1655594.0
1477949944.86, 1664486.0
1477949944.91, 1673378.0
1477949944.96, 1683752.0
1477949945.02, 1692644.0
1477949945.07, 1703018.0
1477949945.12, 1711910.0
1477949945.17, 1720802.0
1477949945.22, 1731176.0
1477949945.27, 1740068.0
1477949945.32, 1748960.0
1477949945.37, 1759334.0
1477949945.42, 1768226.0
1477949945.47, 1777118.0
1477949945.52, 1787492.0
1477949945.57, 1796384.0
1477949945.62, 1805276.0
1477949945.67, 1815650.0
1477949945.72, 1824542.0
1477949945.77, 1833434.0
1477949945.82, 1843808.0
1477949945.87, 1852700.0
1477949945.92, 1863074.0
1477949945.97, 1871966.0
1477949946.02, 1880858.0
1477949946.07, 1891232.0
1477949946.12, 1900124.0
1477949946.17, 1909016.0
1477949946.22, 1919390.0
1477949946.27, 1928282.0
1477949946.32, 1937174.0
1477949946.37, 1947548.0
1477949946.42, 1956440.0
1477949946.47, 1966814.0
1477949946.52, 1975706.0
1477949946.57, 1984598.0
1477949946.62, 1994972.0
1477949946.67, 2003864.0
1477949946.72, 2012756.0
1477949946.77, 2023130.0
1477949946.82, 2032022.0
1477949946.88, 2040914.0
1477949946.93, 2051288.0
1477949946.98, 2060180.0
1477949947.03, 2070554.0
1477949947.08, 2079446.0
1477949947.13, 2088338.0
1477949947.18, 2098712.0
1477949947.23, 2107604.0
1477949947.28, 2117978.0
1477949947.33, 2126870.0
1477949947.38, 2135762.0
1477949947.43, 2146136.0
1477949947.48, 2155028.0
1477949947.53, 2165402.0
1477949947.58, 2174294.0
1477949947.63, 2183186.0
1477949947.68, 2193560.0
1477949947.73, 2202452.0
1477949947.78, 2212826.0
1477949947.84, 2221718.0
1477949947.89, 2230610.0
1477949947.94, 2240984.0
1477949947.99, 2249876.0
1477949948.04, 2258768.0
1477949948.09, 2269142.0
1477949948.14, 2278034.0
1477949948.19, 2286926.0
1477949948.24, 2297300.0
1477949948.29, 2306192.0
1477949948.34, 2315084.0
1477949948.39, 2325458.0
1477949948.44, 2334350.0
1477949948.49, 2344724.0
1477949948.54, 2353616.0
1477949948.59, 2362508.0
1477949948.64, 2372882.0
1477949948.69, 2381774.0
1477949948.74, 2390666.0
1477949948.79, 2401040.0
1477949948.84, 2409932.0
1477949948.89, 2418824.0
1477949948.94, 2429198.0
1477949948.99, 2438090.0
1477949949.04, 2446982.0
1477949949.09, 2457356.0
1477949949.14, 2466248.0
1477949949.19, 2476622.0
1477949949.24, 2485514.0
1477949949.29, 2494406.0
1477949949.34, 2504983.0
1477949949.39, 2512393.0
1477949949.44, 2521285.0
1477949949.49, 2531659.0
1477949949.54, 2540551.0
1477949949.6, 2550925.0
1477949949.65, 2559817.0
1477949949.7, 2568709.0
1477949949.75, 2579083.0
1477949949.8, 2587975.0
1477949949.85, 2596867.0
1477949949.9, 2607241.0
1477949949.95, 2616133.0
1477949950.0, 2625025.0
1477949950.05, 2635399.0
1477949950.1, 2644291.0
1477949950.15, 2654665.0
1477949950.2, 2663557.0
1477949950.25, 2673931.0
1477949950.3, 2682823.0
1477949950.35, 2691715.0
1477949950.4, 2702089.0
1477949950.45, 2710981.0
1477949950.5, 2719873.0
1477949950.55, 2730247.0
1477949950.6, 2739139.0
1477949950.65, 2748031.0
1477949950.7, 2758405.0
1477949950.75, 2767297.0
1477949950.8, 2777671.0
1477949950.85, 2786563.0
1477949950.9, 2795455.0
1477949950.95, 2805829.0
1477949951.0, 2814721.0
1477949951.06, 2823613.0
1477949951.11, 2833987.0
1477949951.16, 2842879.0
1477949951.21, 2851771.0
1477949951.26, 2862145.0
1477949951.31, 2871037.0
1477949951.36, 2879929.0
1477949951.41, 2890303.0
1477949951.46, 2899195.0
1477949951.51, 2908087.0
1477949951.56, 2918461.0
1477949951.61, 2927353.0
1477949951.66, 2937727.0
1477949951.71, 2946619.0
1477949951.76, 2955511.0
1477949951.81, 2965885.0
1477949951.86, 2974777.0
1477949951.91, 2985151.0
1477949951.97, 2994043.0
1477949952.02, 3004417.0
1477949952.07, 3013309.0
1477949952.12, 3023683.0
1477949952.17, 3032575.0
1477949952.22, 3042949.0
1477949952.27, 3051841.0
1477949952.32, 3060733.0
1477949952.37, 3071107.0
1477949952.42, 3079999.0
1477949952.47, 3088891.0
1477949952.52, 3099265.0
1477949952.57, 3108157.0
1477949952.62, 3118531.0
1477949952.67, 3127423.0
1477949952.72, 3136315.0
1477949952.78, 3146689.0
1477949952.83, 3155581.0
1477949952.88, 3165955.0
1477949952.93, 3174847.0
1477949952.98, 3183739.0
1477949953.03, 3194113.0
1477949953.08, 3203005.0
1477949953.13, 3211897.0
1477949953.18, 3222271.0
1477949953.23, 3231163.0
1477949953.28, 3241537.0
1477949953.33, 3250429.0
1477949953.38, 3259321.0
1477949953.43, 3269695.0
1477949953.48, 3278587.0
1477949953.53, 3288961.0
1477949953.58, 3297853.0
1477949953.63, 3306745.0
1477949953.68, 3317119.0
1477949953.73, 3326011.0
1477949953.78, 3334903.0
1477949953.83, 3345277.0
1477949953.88, 3354169.0
1477949953.93, 3363061.0
1477949953.98, 3373435.0
1477949954.03, 3382327.0
1477949954.08, 3392701.0
1477949954.13, 3401593.0
1477949954.19, 3410485.0
1477949954.24, 3420859.0
1477949954.29, 3429751.0
1477949954.34, 3438643.0
1477949954.39, 3449017.0
1477949954.44, 3457909.0
1477949954.49, 3466801.0
1477949954.54, 3477175.0
1477949954.59, 3486067.0
1477949954.64, 3496441.0
1477949954.69, 3505333.0
1477949954.74, 3514225.0
1477949954.79, 3524599.0
1477949954.84, 3533491.0
1477949954.89, 3542383.0
1477949954.94, 3552757.0
1477949954.99, 3561649.0
1477949955.04, 3570541.0
1477949955.09, 3580915.0
1477949955.14, 3589807.0
1477949955.19, 3598699.0
1477949955.24, 3609073.0
1477949955.29, 3617965.0
1477949955.34, 3626857.0
1477949955.4, 3637231.0
1477949955.45, 3647605.0
1477949955.5, 3656497.0
1477949955.55, 3666871.0
1477949955.6, 3675763.0
1477949955.65, 3684655.0
1477949955.7, 3695029.0
1477949955.75, 3703921.0
1477949955.8, 3712813.0
1477949955.85, 3723187.0
1477949955.9, 3732079.0
1477949955.95, 3740971.0
1477949956.0, 3751345.0
1477949956.05, 3760237.0
1477949956.1, 3770611.0
1477949956.15, 3779503.0
1477949956.2, 3788395.0
1477949956.25, 3798769.0
1477949956.3, 3807661.0
1477949956.36, 3818035.0
1477949956.41, 3826927.0
1477949956.46, 3835819.0
1477949956.51, 3846193.0
1477949956.56, 3855085.0
1477949956.61, 3865459.0
1477949956.66, 3874351.0
1477949956.71, 3881761.0
1477949956.76, 3892135.0
1477949956.81, 3901027.0
1477949956.86, 3909919.0
1477949956.91, 3920293.0
1477949956.96, 3929185.0
1477949957.01, 3938077.0
1477949957.06, 3948451.0
1477949957.11, 3957343.0
1477949957.16, 3966235.0
1477949957.21, 3976609.0
1477949957.26, 3985501.0
1477949957.31, 3994393.0
1477949957.36, 4004767.0
1477949957.41, 4013659.0
1477949957.46, 4022551.0
1477949957.51, 4032925.0
1477949957.56, 4041817.0
1477949957.61, 4052191.0
1477949957.66, 4061083.0
1477949957.71, 4071457.0
1477949957.76, 4080349.0
1477949957.81, 4089241.0
1477949957.86, 4099615.0
1477949957.91, 4108507.0
1477949957.96, 4117399.0
1477949958.01, 4127773.0
1477949958.06, 4136665.0
1477949958.12, 4145557.0
1477949958.17, 4155931.0
1477949958.22, 4164823.0
1477949958.27, 4175197.0
1477949958.32, 4184089.0
1477949958.37, 4192981.0
1477949958.42, 4203355.0
1477949958.47, 4212247.0
1477949958.52, 4221139.0
1477949958.57, 4231513.0
1477949958.62, 4240405.0
1477949958.67, 4249297.0
1477949958.72, 4259671.0
1477949958.77, 4268563.0
1477949958.82, 4278937.0
1477949958.87, 4287829.0
1477949958.92, 4296721.0
1477949958.97, 4307095.0
1477949959.02, 4315987.0
1477949959.07, 4324879.0
1477949959.12, 4335253.0
1477949959.17, 4344145.0
1477949959.22, 4353037.0
1477949959.27, 4363411.0
1477949959.32, 4372303.0
1477949959.37, 4381195.0
1477949959.42, 4391569.0
1477949959.47, 4400461.0
1477949959.52, 4409353.0
1477949959.57, 4419727.0
1477949959.62, 4428619.0
1477949959.67, 4437511.0
1477949959.72, 4447885.0
1477949959.77, 4456777.0
1477949959.82, 4467151.0
1477949959.87, 4476043.0
1477949959.92, 4484935.0
1477949959.97, 4492548.0
1477949960.02, 4502922.0
1477949960.07, 4511814.0
1477949960.12, 4522188.0
1477949960.17, 4531080.0
1477949960.23, 4539972.0
1477949960.28, 4550346.0
1477949960.33, 4559238.0
1477949960.38, 4568130.0
1477949960.43, 4578504.0
1477949960.48, 4587396.0
1477949960.53, 4596288.0
1477949960.58, 4606662.0
1477949960.63, 4615554.0
1477949960.68, 4625928.0
1477949960.73, 4634820.0
1477949960.78, 4643712.0
1477949960.83, 4654086.0
1477949960.88, 4662978.0
1477949960.93, 4671870.0
1477949960.98, 4682244.0
1477949961.03, 4691136.0
1477949961.08, 4701510.0
1477949961.13, 4708920.0
1477949961.18, 4717812.0
1477949961.23, 4728186.0
1477949961.28, 4737078.0
1477949961.33, 4745970.0
1477949961.38, 4756344.0
1477949961.43, 4765236.0
1477949961.48, 4774128.0
1477949961.53, 4784502.0
1477949961.58, 4793394.0
1477949961.63, 4802286.0
1477949961.68, 4812660.0
1477949961.73, 4821552.0
1477949961.79, 4831926.0
1477949961.84, 4840818.0
1477949961.89, 4851192.0
1477949961.94, 4860084.0
1477949961.99, 4868976.0
1477949962.04, 4879350.0
1477949962.09, 4888242.0
1477949962.14, 4897134.0
1477949962.19, 4907508.0
1477949962.24, 4916400.0
1477949962.29, 4926774.0
1477949962.35, 4937148.0
1477949962.4, 4947522.0
1477949962.46, 4956414.0
1477949962.53, 4971234.0
1477949962.61, 4986054.0
1477949962.66, 4994946.0
1477949962.71, 5005320.0
1477949962.76, 5014212.0
1477949962.81, 5024586.0
1477949962.86, 5033478.0
1477949962.91, 5042370.0
1477949962.97, 5052744.0
1477949963.02, 5061636.0
1477949963.07, 5072010.0
1477949963.12, 5080902.0
1477949963.17, 5089794.0
1477949963.22, 5100168.0
1477949963.27, 5109060.0
1477949963.32, 5117952.0
1477949963.37, 5128326.0
1477949963.42, 5137218.0
1477949963.47, 5146110.0
1477949963.52, 5156484.0
1477949963.57, 5165376.0
1477949963.62, 5174268.0
1477949963.67, 5184642.0
1477949963.72, 5193534.0
1477949963.77, 5203908.0
1477949963.82, 5212800.0
1477949963.87, 5221692.0
1477949963.92, 5232066.0
1477949963.97, 5240958.0
1477949964.02, 5249850.0
1477949964.07, 5260224.0
1477949964.12, 5269116.0
1477949964.17, 5278008.0
1477949964.22, 5288382.0
1477949964.27, 5297274.0
1477949964.32, 5306166.0
1477949964.37, 5315058.0
1477949964.42, 5323950.0
1477949964.47, 5334324.0
1477949964.52, 5343216.0
1477949964.57, 5352108.0
1477949964.62, 5362482.0
1477949964.67, 5371374.0
1477949964.73, 5381748.0
1477949964.78, 5390640.0
1477949964.83, 5399532.0
1477949964.88, 5409906.0
1477949964.93, 5418798.0
1477949964.98, 5427690.0
1477949965.03, 5438064.0
1477949965.08, 5446956.0
1477949965.13, 5455848.0
1477949965.18, 5466222.0
1477949965.23, 5475114.0
1477949965.28, 5484006.0
1477949965.33, 5494380.0
1477949965.38, 5503272.0
1477949965.43, 5512164.0
1477949965.48, 5522538.0
1477949965.53, 5529948.0
1477949965.58, 5540322.0
1477949965.63, 5549214.0
1477949965.68, 5559588.0
1477949965.73, 5568480.0
1477949965.78, 5577372.0
1477949965.84, 5587746.0
1477949965.89, 5596638.0
1477949965.94, 5607012.0
1477949965.99, 5615904.0
