1477950045.59, 1190.0
1477950045.75, 1206.0
1477950045.87, 1217.0
1477950045.95, 1224.0
1477950046.06, 1236.0
1477950046.17, 1245.0
1477950046.24, 1253.0
1477950046.32, 1262.0
1477950046.45, 1275.0
1477950046.57, 1288.0
1477950046.67, 1295.0
1477950046.81, 1311.0
1477950046.91, 1324.0
1477950047.04, 1329.0
1477950047.16, 1336.0
1477950047.21, 1342.0
1477950047.26, 1347.0
1477950047.31, 1348.0
1477950047.36, 1351.0
1477950047.41, 1353.0
1477950047.46, 1355.0
1477950047.51, 1357.0
1477950047.56, 1358.0
1477950047.61, 1359.0
1477950047.66, 1361.0
1477950047.71, 1369.0
1477950047.76, 1373.0
1477950047.81, 1378.0
1477950047.86, 1380.0
1477950047.91, 1383.0
1477950047.98, 1386.0
1477950048.03, 1390.0
1477950048.08, 1394.0
1477950048.13, 1396.0
1477950048.18, 1398.0
1477950048.23, 1400.0
1477950048.28, 1402.0
1477950048.33, 1404.0
1477950048.38, 1409.0
1477950048.43, 1411.0
1477950048.48, 1412.0
1477950048.53, 1413.0
1477950048.58, 1414.0
1477950048.63, 1415.0
1477950048.68, 1415.0
1477950048.74, 1415.0
1477950048.79, 1415.0
1477950048.84, 1415.0
1477950048.89, 1416.0
1477950048.94, 1416.0
1477950048.99, 1417.0
1477950049.04, 1419.0
1477950049.09, 1419.0
1477950049.14, 1420.0
1477950049.19, 1421.0
1477950049.24, 1421.0
1477950049.29, 1421.0
1477950049.34, 1422.0
1477950049.39, 1422.0
1477950049.44, 1423.0
1477950049.49, 1423.0
1477950049.54, 1424.0
1477950049.59, 1424.0
1477950049.64, 1424.0
1477950049.69, 1424.0
1477950049.74, 1425.0
1477950049.79, 1426.0
1477950049.84, 1428.0
1477950049.89, 1430.0
1477950049.94, 1430.0
1477950049.99, 1432.0
1477950050.04, 1432.0
1477950050.09, 1432.0
1477950050.14, 1432.0
1477950050.2, 1433.0
1477950050.25, 1433.0
1477950050.3, 1433.0
1477950050.35, 1433.0
1477950050.4, 1433.0
1477950050.45, 1433.0
1477950050.5, 1433.0
1477950050.55, 1433.0
1477950050.6, 1433.0
1477950050.65, 1433.0
1477950050.7, 1433.0
1477950050.75, 1434.0
1477950050.8, 1434.0
1477950050.85, 1434.0
1477950050.9, 1435.0
1477950050.95, 1435.0
1477950051.0, 1435.0
1477950051.05, 1437.0
1477950051.1, 1437.0
1477950051.15, 1438.0
1477950051.2, 1438.0
1477950051.25, 1438.0
1477950051.3, 1438.0
1477950051.35, 1439.0
1477950051.4, 1439.0
1477950051.46, 1439.0
1477950051.51, 1439.0
1477950051.56, 1439.0
1477950051.61, 1439.0
1477950051.66, 1439.0
1477950051.71, 1439.0
1477950051.76, 1439.0
1477950051.81, 1439.0
1477950051.86, 1439.0
1477950051.91, 1439.0
1477950051.96, 1439.0
1477950052.01, 1439.0
1477950052.06, 1439.0
1477950052.11, 1439.0
1477950052.16, 1439.0
1477950052.21, 1440.0
1477950052.26, 1440.0
1477950052.31, 1440.0
1477950052.36, 1440.0
1477950052.41, 1440.0
1477950052.46, 1440.0
1477950052.51, 1440.0
1477950052.56, 1440.0
1477950052.61, 1440.0
1477950052.66, 1440.0
1477950052.71, 1440.0
1477950052.76, 1440.0
1477950052.81, 1440.0
1477950052.86, 1440.0
1477950052.91, 1440.0
1477950052.96, 1440.0
1477950053.01, 1440.0
1477950053.06, 1440.0
1477950053.11, 1440.0
1477950053.16, 1440.0
1477950053.21, 1440.0
1477950053.26, 1440.0
1477950053.32, 1440.0
1477950053.37, 1440.0
1477950053.42, 1440.0
1477950053.47, 1440.0
1477950053.52, 1440.0
1477950053.57, 1440.0
1477950053.62, 1440.0
1477950053.67, 1440.0
1477950053.72, 1440.0
1477950053.77, 1440.0
1477950053.82, 1440.0
1477950053.87, 1440.0
1477950053.92, 1440.0
1477950053.97, 1440.0
1477950054.02, 1440.0
1477950054.07, 1440.0
1477950054.12, 1440.0
1477950054.17, 1440.0
1477950054.22, 1440.0
1477950054.27, 1440.0
1477950054.32, 1440.0
1477950054.37, 1440.0
1477950054.42, 1440.0
1477950054.47, 1440.0
1477950054.52, 1440.0
1477950054.57, 1440.0
1477950054.62, 1440.0
1477950054.67, 1440.0
1477950054.72, 1440.0
1477950054.77, 1440.0
1477950054.82, 1440.0
1477950054.87, 1440.0
1477950054.92, 1440.0
1477950054.97, 1440.0
1477950055.02, 1440.0
1477950055.07, 1440.0
1477950055.12, 1440.0
1477950055.17, 1440.0
1477950055.22, 1440.0
1477950055.27, 1440.0
1477950055.32, 1440.0
1477950055.37, 1440.0
1477950055.42, 1440.0
1477950055.47, 1440.0
1477950055.52, 1440.0
1477950055.57, 1440.0
1477950055.62, 1440.0
1477950055.67, 1440.0
1477950055.73, 1440.0
1477950055.78, 1440.0
1477950055.83, 1440.0
1477950055.88, 1440.0
1477950055.93, 1440.0
1477950055.98, 1440.0
1477950056.03, 1440.0
1477950056.08, 1440.0
1477950056.13, 1440.0
1477950056.18, 1440.0
1477950056.23, 1440.0
1477950056.28, 1440.0
1477950056.33, 1440.0
1477950056.38, 1440.0
1477950056.43, 1440.0
1477950056.48, 1440.0
1477950056.53, 1440.0
1477950056.58, 1440.0
1477950056.63, 1440.0
1477950056.68, 1440.0
1477950056.73, 1440.0
1477950056.78, 1440.0
1477950056.83, 1440.0
1477950056.88, 1440.0
1477950056.93, 1440.0
1477950056.98, 1440.0
1477950057.03, 1440.0
1477950057.08, 1440.0
1477950057.14, 1440.0
1477950057.19, 1440.0
1477950057.24, 1440.0
1477950057.29, 1440.0
1477950057.34, 1440.0
1477950057.39, 1440.0
1477950057.44, 1440.0
1477950057.49, 1440.0
1477950057.54, 1440.0
1477950057.59, 1440.0
1477950057.64, 1440.0
1477950057.69, 1440.0
1477950057.74, 1440.0
1477950057.79, 1440.0
1477950057.84, 1440.0
1477950057.89, 1440.0
1477950057.94, 1440.0
1477950057.99, 1440.0
1477950058.04, 1440.0
1477950058.09, 1440.0
1477950058.14, 1440.0
1477950058.19, 1440.0
1477950058.24, 1440.0
1477950058.3, 1440.0
1477950058.35, 1440.0
1477950058.4, 1440.0
1477950058.45, 1440.0
1477950058.5, 1440.0
1477950058.55, 1440.0
1477950058.6, 1440.0
1477950058.65, 1440.0
1477950058.7, 1440.0
1477950058.75, 1440.0
1477950058.8, 1440.0
1477950058.86, 1440.0
1477950058.91, 1440.0
1477950058.96, 1440.0
1477950059.01, 1440.0
1477950059.06, 1440.0
1477950059.11, 1440.0
1477950059.16, 1440.0
1477950059.21, 1440.0
1477950059.26, 1440.0
1477950059.33, 1441.0
1477950059.38, 1441.0
1477950059.43, 1441.0
1477950059.48, 1441.0
1477950059.53, 1442.0
1477950059.58, 1442.0
1477950059.63, 1442.0
1477950059.68, 1442.0
1477950059.73, 1442.0
1477950059.78, 1442.0
1477950059.83, 1442.0
1477950059.88, 1442.0
1477950059.93, 1442.0
1477950059.98, 1442.0
1477950060.03, 1442.0
1477950060.08, 1442.0
1477950060.13, 1442.0
1477950060.18, 1442.0
1477950060.23, 1442.0
1477950060.28, 1442.0
1477950060.33, 1442.0
1477950060.38, 1442.0
1477950060.43, 1442.0
1477950060.48, 1442.0
1477950060.53, 1442.0
1477950060.58, 1442.0
1477950060.63, 1442.0
1477950060.68, 1442.0
1477950060.73, 1442.0
1477950060.79, 1442.0
1477950060.84, 1442.0
1477950060.89, 1442.0
1477950060.94, 1442.0
1477950060.99, 1442.0
1477950061.04, 1442.0
1477950061.09, 1442.0
1477950061.14, 1442.0
1477950061.19, 1442.0
1477950061.24, 1442.0
1477950061.29, 1442.0
1477950061.34, 1442.0
1477950061.39, 1442.0
1477950061.44, 1442.0
1477950061.49, 1442.0
1477950061.54, 1442.0
1477950061.59, 1442.0
1477950061.64, 1442.0
1477950061.69, 1442.0
1477950061.74, 1442.0
1477950061.79, 1442.0
1477950061.84, 1442.0
1477950061.89, 1442.0
1477950061.94, 1442.0
1477950061.99, 1442.0
1477950062.04, 1442.0
1477950062.09, 1442.0
1477950062.14, 1442.0
1477950062.19, 1442.0
1477950062.24, 1442.0
1477950062.29, 1442.0
1477950062.34, 1443.0
1477950062.4, 1443.0
1477950062.45, 1443.0
1477950062.5, 1443.0
1477950062.55, 1443.0
1477950062.6, 1443.0
1477950062.65, 1443.0
1477950062.7, 1443.0
1477950062.75, 1443.0
1477950062.8, 1443.0
1477950062.85, 1443.0
1477950062.9, 1443.0
1477950062.95, 1443.0
1477950063.0, 1443.0
1477950063.05, 1443.0
1477950063.1, 1443.0
1477950063.15, 1443.0
1477950063.2, 1443.0
1477950063.25, 1443.0
1477950063.3, 1443.0
1477950063.35, 1443.0
1477950063.41, 1443.0
1477950063.46, 1443.0
1477950063.51, 1443.0
1477950063.56, 1443.0
1477950063.61, 1443.0
1477950063.66, 1443.0
1477950063.71, 1443.0
1477950063.76, 1443.0
1477950063.81, 1443.0
1477950063.86, 1443.0
1477950063.91, 1443.0
1477950063.96, 1443.0
1477950064.01, 1443.0
1477950064.06, 1443.0
1477950064.11, 1443.0
1477950064.16, 1443.0
1477950064.21, 1443.0
1477950064.26, 1443.0
1477950064.31, 1443.0
1477950064.36, 1443.0
1477950064.41, 1443.0
1477950064.46, 1443.0
1477950064.51, 1443.0
1477950064.56, 1443.0
1477950064.61, 1443.0
1477950064.66, 1443.0
1477950064.71, 1443.0
1477950064.76, 1443.0
1477950064.81, 1443.0
1477950064.86, 1443.0
1477950064.91, 1443.0
1477950064.97, 1443.0
1477950065.02, 1443.0
1477950065.07, 1443.0
1477950065.12, 1443.0
1477950065.17, 1443.0
1477950065.22, 1443.0
1477950065.27, 1443.0
1477950065.32, 1443.0
1477950065.37, 1443.0
1477950065.42, 1443.0
1477950065.47, 1443.0
1477950065.52, 1443.0
1477950065.57, 1443.0
1477950065.62, 1443.0
1477950065.67, 1443.0
1477950065.72, 1443.0
1477950065.77, 1443.0
1477950065.82, 1443.0
1477950065.87, 1443.0
1477950065.92, 1443.0
1477950065.97, 1443.0
1477950066.02, 1443.0
1477950066.07, 1443.0
1477950066.12, 1443.0
1477950066.17, 1443.0
1477950066.22, 1443.0
1477950066.27, 1443.0
1477950066.32, 1443.0
1477950066.37, 1443.0
1477950066.42, 1443.0
1477950066.47, 1443.0
1477950066.52, 1443.0
1477950066.57, 1443.0
1477950066.62, 1443.0
1477950066.67, 1443.0
1477950066.73, 1443.0
1477950066.78, 1443.0
1477950066.83, 1443.0
1477950066.88, 1444.0
1477950066.93, 1444.0
1477950066.98, 1444.0
1477950067.03, 1444.0
1477950067.08, 1444.0
1477950067.13, 1444.0
1477950067.18, 1444.0
1477950067.23, 1444.0
1477950067.28, 1444.0
1477950067.33, 1444.0
1477950067.38, 1444.0
1477950067.43, 1444.0
1477950067.48, 1444.0
1477950067.53, 1444.0
1477950067.58, 1444.0
1477950067.63, 1444.0
1477950067.69, 1444.0
1477950067.74, 1444.0
1477950067.79, 1444.0
1477950067.84, 1444.0
1477950067.89, 1444.0
1477950067.94, 1444.0
1477950067.99, 1444.0
1477950068.04, 1445.0
1477950068.09, 1445.0
1477950068.14, 1445.0
1477950068.19, 1445.0
1477950068.24, 1445.0
1477950068.29, 1445.0
1477950068.34, 1445.0
1477950068.39, 1445.0
1477950068.44, 1445.0
1477950068.49, 1445.0
1477950068.54, 1445.0
1477950068.59, 1445.0
1477950068.64, 1445.0
1477950068.69, 1445.0
1477950068.74, 1445.0
1477950068.79, 1445.0
1477950068.84, 1445.0
1477950068.89, 1445.0
1477950068.94, 1445.0
1477950068.99, 1445.0
1477950069.04, 1445.0
1477950069.1, 1445.0
1477950069.15, 1445.0
1477950069.2, 1446.0
1477950069.25, 1446.0
1477950069.3, 1446.0
1477950069.35, 1446.0
1477950069.4, 1446.0
1477950069.45, 1446.0
1477950069.5, 1446.0
1477950069.55, 1446.0
1477950069.6, 1446.0
1477950069.65, 1446.0
1477950069.7, 1446.0
1477950069.75, 1446.0
1477950069.8, 1446.0
1477950069.85, 1446.0
1477950069.9, 1446.0
1477950069.95, 1446.0
1477950070.0, 1446.0
1477950070.05, 1446.0
1477950070.1, 1446.0
1477950070.15, 1446.0
1477950070.2, 1446.0
1477950070.25, 1446.0
1477950070.3, 1446.0
1477950070.35, 1447.0
1477950070.4, 1447.0
1477950070.45, 1447.0
1477950070.5, 1447.0
1477950070.55, 1448.0
1477950070.6, 1448.0
1477950070.65, 1448.0
1477950070.7, 1448.0
1477950070.76, 1448.0
1477950070.81, 1448.0
1477950070.86, 1448.0
1477950070.91, 1448.0
1477950070.96, 1448.0
1477950071.01, 1448.0
1477950071.06, 1448.0
1477950071.11, 1448.0
1477950071.16, 1448.0
1477950071.21, 1448.0
1477950071.26, 1448.0
1477950071.31, 1448.0
1477950071.36, 1448.0
1477950071.41, 1448.0
1477950071.46, 1448.0
1477950071.51, 1449.0
1477950071.56, 1449.0
1477950071.61, 1449.0
1477950071.66, 1449.0
1477950071.71, 1449.0
1477950071.76, 1449.0
1477950071.81, 1449.0
1477950071.86, 1449.0
1477950071.91, 1449.0
1477950071.96, 1449.0
1477950072.01, 1449.0
1477950072.06, 1449.0
1477950072.11, 1449.0
1477950072.16, 1449.0
1477950072.22, 1449.0
1477950072.27, 1449.0
1477950072.32, 1449.0
1477950072.37, 1449.0
1477950072.42, 1449.0
1477950072.47, 1449.0
1477950072.52, 1449.0
1477950072.57, 1449.0
1477950072.62, 1449.0
1477950072.67, 1449.0
1477950072.72, 1449.0
1477950072.77, 1449.0
1477950072.82, 1449.0
1477950072.87, 1449.0
1477950072.92, 1449.0
1477950072.97, 1449.0
1477950073.02, 1449.0
1477950073.07, 1449.0
1477950073.12, 1449.0
1477950073.17, 1449.0
1477950073.22, 1449.0
1477950073.27, 1449.0
1477950073.32, 1449.0
1477950073.37, 1449.0
1477950073.42, 1449.0
1477950073.47, 1449.0
1477950073.52, 1449.0
1477950073.57, 1449.0
1477950073.62, 1449.0
1477950073.67, 1449.0
1477950073.72, 1449.0
1477950073.77, 1449.0
1477950073.82, 1449.0
1477950073.87, 1449.0
1477950073.92, 1449.0
1477950073.97, 1449.0
1477950074.02, 1449.0
1477950074.07, 1449.0
1477950074.13, 1449.0
1477950074.18, 1449.0
1477950074.23, 1449.0
1477950074.28, 1449.0
1477950074.33, 1449.0
1477950074.38, 1449.0
1477950074.43, 1449.0
1477950074.48, 1449.0
1477950074.53, 1449.0
1477950074.58, 1449.0
1477950074.63, 1449.0
1477950074.68, 1449.0
1477950074.73, 1449.0
1477950074.78, 1449.0
1477950074.83, 1449.0
1477950074.88, 1449.0
1477950074.93, 1449.0
1477950074.98, 1449.0
1477950075.03, 1449.0
1477950075.08, 1449.0
1477950075.13, 1449.0
1477950075.18, 1449.0
1477950075.23, 1449.0
1477950075.28, 1449.0
1477950075.33, 1449.0
1477950075.38, 1449.0
1477950075.43, 1449.0
1477950075.48, 1449.0
1477950075.53, 1449.0
1477950075.58, 1449.0
1477950075.63, 1449.0
1477950075.68, 1449.0
1477950075.73, 1449.0
1477950075.78, 1449.0
1477950075.83, 1449.0
1477950075.88, 1449.0
1477950075.93, 1449.0
1477950075.99, 1449.0
1477950076.04, 1449.0
1477950076.09, 1449.0
1477950076.14, 1449.0
1477950076.19, 1449.0
1477950076.24, 1449.0
1477950076.29, 1449.0
1477950076.34, 1449.0
1477950076.39, 1449.0
1477950076.44, 1449.0
1477950076.49, 1449.0
1477950076.54, 1449.0
1477950076.59, 1449.0
1477950076.64, 1449.0
1477950076.69, 1449.0
1477950076.74, 1449.0
1477950076.79, 1449.0
1477950076.84, 1449.0
1477950076.89, 1449.0
1477950076.94, 1449.0
1477950076.99, 1449.0
1477950077.04, 1449.0
1477950077.09, 1449.0
