1477950045.59, 25785.0
1477950045.75, 25785.0
1477950045.87, 25785.0
1477950045.95, 25785.0
1477950046.06, 25785.0
1477950046.17, 25785.0
1477950046.24, 25785.0
1477950046.32, 25785.0
1477950046.45, 25785.0
1477950046.57, 25988.0
1477950046.67, 25988.0
1477950046.81, 26359.0
1477950046.91, 27967.0
1477950047.04, 42787.0
1477950047.16, 57775.0
1477950047.21, 63829.0
1477950047.26, 69883.0
1477950047.31, 77293.0
1477950047.36, 78775.0
1477950047.41, 86227.0
1477950047.46, 92197.0
1477950047.51, 95161.0
1477950047.56, 102571.0
1477950047.61, 109981.0
1477950047.66, 114427.0
1477950047.71, 120607.0
1477950047.76, 126619.0
1477950047.81, 131149.0
1477950047.86, 138601.0
1477950047.91, 144571.0
1477950047.98, 153505.0
1477950048.03, 158035.0
1477950048.08, 165529.0
1477950048.13, 172981.0
1477950048.18, 180433.0
1477950048.23, 187843.0
1477950048.28, 195295.0
1477950048.33, 201265.0
1477950048.38, 208801.0
1477950048.43, 214771.0
1477950048.48, 220699.0
1477950048.53, 229591.0
1477950048.58, 235519.0
1477950048.63, 241447.0
1477950048.68, 251821.0
1477950048.74, 260713.0
1477950048.79, 269605.0
1477950048.84, 279979.0
1477950048.89, 288913.0
1477950048.94, 297805.0
1477950048.99, 308221.0
1477950049.04, 317197.0
1477950049.09, 326089.0
1477950049.14, 336505.0
1477950049.19, 345439.0
1477950049.24, 354331.0
1477950049.29, 364705.0
1477950049.34, 373639.0
1477950049.39, 382531.0
1477950049.44, 392947.0
1477950049.49, 401839.0
1477950049.54, 410773.0
1477950049.59, 421147.0
1477950049.64, 430039.0
1477950049.69, 438931.0
1477950049.74, 449347.0
1477950049.79, 456757.0
1477950049.84, 467215.0
1477950049.89, 476191.0
1477950049.94, 485083.0
1477950049.99, 495541.0
1477950050.04, 504433.0
1477950050.09, 513325.0
1477950050.14, 523699.0
1477950050.2, 532633.0
1477950050.25, 543007.0
1477950050.3, 551899.0
1477950050.35, 560791.0
1477950050.4, 571165.0
1477950050.45, 580057.0
1477950050.5, 588949.0
1477950050.55, 599323.0
1477950050.6, 608215.0
1477950050.65, 618589.0
1477950050.7, 627481.0
1477950050.75, 636415.0
1477950050.8, 646789.0
1477950050.85, 655681.0
1477950050.9, 663091.0
1477950050.95, 673465.0
1477950051.0, 682357.0
1477950051.05, 689767.0
1477950051.1, 698659.0
1477950051.15, 707593.0
1477950051.2, 717967.0
1477950051.25, 726859.0
1477950051.3, 735751.0
1477950051.35, 746167.0
1477950051.4, 755059.0
1477950051.46, 763951.0
1477950051.51, 774325.0
1477950051.56, 783217.0
1477950051.61, 793591.0
1477950051.66, 802483.0
1477950051.71, 811375.0
1477950051.76, 821749.0
1477950051.81, 830641.0
1477950051.86, 839533.0
1477950051.91, 849907.0
1477950051.96, 858799.0
1477950052.01, 867691.0
1477950052.06, 878065.0
1477950052.11, 886957.0
1477950052.16, 897331.0
1477950052.21, 904741.0
1477950052.26, 913633.0
1477950052.31, 924007.0
1477950052.36, 932899.0
1477950052.41, 941791.0
1477950052.46, 952165.0
1477950052.51, 961057.0
1477950052.56, 969949.0
1477950052.61, 980323.0
1477950052.66, 989215.0
1477950052.71, 998107.0
1477950052.76, 1008481.0
1477950052.81, 1017373.0
1477950052.86, 1027747.0
1477950052.91, 1036639.0
1477950052.96, 1045531.0
1477950053.01, 1055905.0
1477950053.06, 1064797.0
1477950053.11, 1073689.0
1477950053.16, 1084063.0
1477950053.21, 1092955.0
1477950053.26, 1101847.0
1477950053.32, 1112221.0
1477950053.37, 1121113.0
1477950053.42, 1130005.0
1477950053.47, 1140379.0
1477950053.52, 1149271.0
1477950053.57, 1159645.0
1477950053.62, 1168537.0
1477950053.67, 1177429.0
1477950053.72, 1187803.0
1477950053.77, 1196695.0
1477950053.82, 1205587.0
1477950053.87, 1215961.0
1477950053.92, 1224853.0
1477950053.97, 1233745.0
1477950054.02, 1244119.0
1477950054.07, 1253011.0
1477950054.12, 1261903.0
1477950054.17, 1272277.0
1477950054.22, 1281169.0
1477950054.27, 1290061.0
1477950054.32, 1300435.0
1477950054.37, 1309327.0
1477950054.42, 1318219.0
1477950054.47, 1328593.0
1477950054.52, 1337485.0
1477950054.57, 1346377.0
1477950054.62, 1356751.0
1477950054.67, 1365643.0
1477950054.72, 1374535.0
1477950054.77, 1384909.0
1477950054.82, 1393801.0
1477950054.87, 1404175.0
1477950054.92, 1413067.0
1477950054.97, 1421959.0
1477950055.02, 1432333.0
1477950055.07, 1441225.0
1477950055.12, 1451599.0
1477950055.17, 1460491.0
1477950055.22, 1469383.0
1477950055.27, 1479757.0
1477950055.32, 1488649.0
1477950055.37, 1497541.0
1477950055.42, 1507915.0
1477950055.47, 1516807.0
1477950055.52, 1525699.0
1477950055.57, 1536073.0
1477950055.62, 1544965.0
1477950055.67, 1553857.0
1477950055.73, 1564231.0
1477950055.78, 1573123.0
1477950055.83, 1582015.0
1477950055.88, 1592389.0
1477950055.93, 1601281.0
1477950055.98, 1610173.0
1477950056.03, 1620547.0
1477950056.08, 1629439.0
1477950056.13, 1638331.0
1477950056.18, 1648705.0
1477950056.23, 1657597.0
1477950056.28, 1667971.0
1477950056.33, 1676863.0
1477950056.38, 1687237.0
1477950056.43, 1696129.0
1477950056.48, 1705021.0
1477950056.53, 1715395.0
1477950056.58, 1724287.0
1477950056.63, 1733179.0
1477950056.68, 1743553.0
1477950056.73, 1752445.0
1477950056.78, 1761337.0
1477950056.83, 1771711.0
1477950056.88, 1780603.0
1477950056.93, 1790977.0
1477950056.98, 1799869.0
1477950057.03, 1808761.0
1477950057.08, 1819135.0
1477950057.14, 1828027.0
1477950057.19, 1836919.0
1477950057.24, 1847293.0
1477950057.29, 1856185.0
1477950057.34, 1865077.0
1477950057.39, 1875451.0
1477950057.44, 1884343.0
1477950057.49, 1894717.0
1477950057.54, 1903609.0
1477950057.59, 1912501.0
1477950057.64, 1922875.0
1477950057.69, 1931767.0
1477950057.74, 1940659.0
1477950057.79, 1951033.0
1477950057.84, 1959925.0
1477950057.89, 1970299.0
1477950057.94, 1979191.0
1477950057.99, 1988083.0
1477950058.04, 1998457.0
1477950058.09, 2007349.0
1477950058.14, 2016241.0
1477950058.19, 2026615.0
1477950058.24, 2035507.0
1477950058.3, 2045881.0
1477950058.35, 2054773.0
1477950058.4, 2065147.0
1477950058.45, 2074039.0
1477950058.5, 2084413.0
1477950058.55, 2093305.0
1477950058.6, 2103679.0
1477950058.65, 2112571.0
1477950058.7, 2122945.0
1477950058.75, 2131837.0
1477950058.8, 2140729.0
1477950058.86, 2151103.0
1477950058.91, 2159995.0
1477950058.96, 2168887.0
1477950059.01, 2179261.0
1477950059.06, 2188153.0
1477950059.11, 2198527.0
1477950059.16, 2207419.0
1477950059.21, 2216311.0
1477950059.26, 2226685.0
1477950059.33, 2238541.0
1477950059.38, 2248915.0
1477950059.43, 2257807.0
1477950059.48, 2266699.0
1477950059.53, 2275591.0
1477950059.58, 2284483.0
1477950059.63, 2293375.0
1477950059.68, 2303749.0
1477950059.73, 2312641.0
1477950059.78, 2321533.0
1477950059.83, 2331907.0
1477950059.88, 2340799.0
1477950059.93, 2349691.0
1477950059.98, 2360065.0
1477950060.03, 2368957.0
1477950060.08, 2379331.0
1477950060.13, 2388223.0
1477950060.18, 2397115.0
1477950060.23, 2407489.0
1477950060.28, 2416381.0
1477950060.33, 2426755.0
1477950060.38, 2435850.0
1477950060.43, 2444742.0
1477950060.48, 2455116.0
1477950060.53, 2464008.0
1477950060.58, 2472900.0
1477950060.63, 2483274.0
1477950060.68, 2492166.0
1477950060.73, 2501058.0
1477950060.79, 2511432.0
1477950060.84, 2520324.0
1477950060.89, 2530698.0
1477950060.94, 2539590.0
1477950060.99, 2548482.0
1477950061.04, 2558856.0
1477950061.09, 2567748.0
1477950061.14, 2576640.0
1477950061.19, 2587014.0
1477950061.24, 2595906.0
1477950061.29, 2606280.0
1477950061.34, 2615172.0
1477950061.39, 2624064.0
1477950061.44, 2634438.0
1477950061.49, 2643330.0
1477950061.54, 2652222.0
1477950061.59, 2662596.0
1477950061.64, 2671488.0
1477950061.69, 2680380.0
1477950061.74, 2690754.0
1477950061.79, 2699646.0
1477950061.84, 2710020.0
1477950061.89, 2718912.0
1477950061.94, 2727804.0
1477950061.99, 2738178.0
1477950062.04, 2747070.0
1477950062.09, 2755962.0
1477950062.14, 2766336.0
1477950062.19, 2775228.0
1477950062.24, 2784120.0
1477950062.29, 2794494.0
1477950062.34, 2803386.0
1477950062.4, 2813760.0
1477950062.45, 2822652.0
1477950062.5, 2831544.0
1477950062.55, 2841918.0
1477950062.6, 2850810.0
1477950062.65, 2859702.0
1477950062.7, 2870076.0
1477950062.75, 2878968.0
1477950062.8, 2887860.0
1477950062.85, 2898234.0
1477950062.9, 2907126.0
1477950062.95, 2917500.0
1477950063.0, 2926392.0
1477950063.05, 2936766.0
1477950063.1, 2945658.0
1477950063.15, 2954550.0
1477950063.2, 2964924.0
1477950063.25, 2973816.0
1477950063.3, 2982708.0
1477950063.35, 2993082.0
1477950063.41, 3001974.0
1477950063.46, 3012348.0
1477950063.51, 3021240.0
1477950063.56, 3030132.0
1477950063.61, 3040506.0
1477950063.66, 3049398.0
1477950063.71, 3058290.0
1477950063.76, 3068664.0
1477950063.81, 3077556.0
1477950063.86, 3087930.0
1477950063.91, 3096822.0
1477950063.96, 3105714.0
1477950064.01, 3116088.0
1477950064.06, 3124980.0
1477950064.11, 3133872.0
1477950064.16, 3144246.0
1477950064.21, 3153138.0
1477950064.26, 3162030.0
1477950064.31, 3172404.0
1477950064.36, 3181296.0
1477950064.41, 3191670.0
1477950064.46, 3200562.0
1477950064.51, 3209454.0
1477950064.56, 3219828.0
1477950064.61, 3228720.0
1477950064.66, 3237612.0
1477950064.71, 3247986.0
1477950064.76, 3256878.0
1477950064.81, 3267252.0
1477950064.86, 3276144.0
1477950064.91, 3285036.0
1477950064.97, 3295410.0
1477950065.02, 3304302.0
1477950065.07, 3313194.0
1477950065.12, 3323568.0
1477950065.17, 3332460.0
1477950065.22, 3342834.0
1477950065.27, 3351726.0
1477950065.32, 3360618.0
1477950065.37, 3370992.0
1477950065.42, 3379884.0
1477950065.47, 3388776.0
1477950065.52, 3399150.0
1477950065.57, 3408042.0
1477950065.62, 3416934.0
1477950065.67, 3427308.0
1477950065.72, 3436200.0
1477950065.77, 3446574.0
1477950065.82, 3455466.0
1477950065.87, 3464358.0
1477950065.92, 3474732.0
1477950065.97, 3483624.0
1477950066.02, 3492516.0
1477950066.07, 3502890.0
1477950066.12, 3511782.0
1477950066.17, 3520674.0
1477950066.22, 3531048.0
1477950066.27, 3539940.0
1477950066.32, 3548832.0
1477950066.37, 3559206.0
1477950066.42, 3568098.0
1477950066.47, 3578472.0
1477950066.52, 3587364.0
1477950066.57, 3596256.0
1477950066.62, 3606630.0
1477950066.67, 3615522.0
1477950066.73, 3624414.0
1477950066.78, 3634788.0
1477950066.83, 3643680.0
1477950066.88, 3651090.0
1477950066.93, 3661464.0
1477950066.98, 3670356.0
1477950067.03, 3680730.0
1477950067.08, 3689622.0
1477950067.13, 3698514.0
1477950067.18, 3708888.0
1477950067.23, 3717780.0
1477950067.28, 3726672.0
1477950067.33, 3737046.0
1477950067.38, 3745938.0
1477950067.43, 3754830.0
1477950067.48, 3765204.0
1477950067.53, 3774096.0
1477950067.58, 3782988.0
1477950067.63, 3793362.0
1477950067.69, 3803736.0
1477950067.74, 3812628.0
1477950067.79, 3821520.0
1477950067.84, 3831894.0
1477950067.89, 3840786.0
1477950067.94, 3851160.0
1477950067.99, 3860052.0
1477950068.04, 3867462.0
1477950068.09, 3877836.0
1477950068.14, 3886728.0
1477950068.19, 3895620.0
1477950068.24, 3905994.0
1477950068.29, 3914886.0
1477950068.34, 3923778.0
1477950068.39, 3934152.0
1477950068.44, 3943044.0
1477950068.49, 3953418.0
1477950068.54, 3962310.0
1477950068.59, 3971202.0
1477950068.64, 3981576.0
1477950068.69, 3990468.0
1477950068.74, 3999360.0
1477950068.79, 4009734.0
1477950068.84, 4018626.0
1477950068.89, 4029000.0
1477950068.94, 4037892.0
1477950068.99, 4046784.0
1477950069.04, 4057158.0
1477950069.1, 4066050.0
1477950069.15, 4074942.0
1477950069.2, 4083834.0
1477950069.25, 4092726.0
1477950069.3, 4103100.0
1477950069.35, 4111992.0
1477950069.4, 4120884.0
1477950069.45, 4131258.0
1477950069.5, 4140150.0
1477950069.55, 4150524.0
1477950069.6, 4159416.0
1477950069.65, 4168308.0
1477950069.7, 4178682.0
1477950069.75, 4187574.0
1477950069.8, 4196466.0
1477950069.85, 4206840.0
1477950069.9, 4215732.0
1477950069.95, 4224624.0
1477950070.0, 4234998.0
1477950070.05, 4243890.0
1477950070.1, 4254264.0
1477950070.15, 4263156.0
1477950070.2, 4272048.0
1477950070.25, 4282422.0
1477950070.3, 4291314.0
1477950070.35, 4298724.0
1477950070.4, 4309098.0
1477950070.45, 4317990.0
1477950070.5, 4326882.0
1477950070.55, 4337459.0
1477950070.6, 4346351.0
1477950070.65, 4355243.0
1477950070.7, 4365617.0
1477950070.76, 4374509.0
1477950070.81, 4383401.0
1477950070.86, 4393775.0
1477950070.91, 4402667.0
1477950070.96, 4413041.0
1477950071.01, 4421933.0
1477950071.06, 4430825.0
1477950071.11, 4441199.0
1477950071.16, 4450091.0
1477950071.21, 4458983.0
1477950071.26, 4469357.0
1477950071.31, 4478249.0
1477950071.36, 4487141.0
1477950071.41, 4497515.0
1477950071.46, 4506407.0
1477950071.51, 4515299.0
1477950071.56, 4524191.0
1477950071.61, 4533083.0
1477950071.66, 4543457.0
1477950071.71, 4552349.0
1477950071.76, 4561241.0
1477950071.81, 4571615.0
1477950071.86, 4580507.0
1477950071.91, 4590881.0
1477950071.96, 4599773.0
1477950072.01, 4608665.0
1477950072.06, 4619039.0
1477950072.11, 4627931.0
1477950072.16, 4636823.0
1477950072.22, 4647197.0
1477950072.27, 4656089.0
1477950072.32, 4664981.0
1477950072.37, 4675355.0
1477950072.42, 4684247.0
1477950072.47, 4694621.0
1477950072.52, 4703513.0
1477950072.57, 4712405.0
1477950072.62, 4722779.0
1477950072.67, 4731671.0
1477950072.72, 4740563.0
1477950072.77, 4750937.0
1477950072.82, 4759829.0
1477950072.87, 4768721.0
1477950072.92, 4779095.0
1477950072.97, 4787987.0
1477950073.02, 4796879.0
1477950073.07, 4807253.0
1477950073.12, 4816145.0
1477950073.17, 4825037.0
1477950073.22, 4835411.0
1477950073.27, 4844303.0
1477950073.32, 4854677.0
1477950073.37, 4863569.0
1477950073.42, 4872461.0
1477950073.47, 4882835.0
1477950073.52, 4891727.0
1477950073.57, 4900619.0
1477950073.62, 4910993.0
1477950073.67, 4919885.0
1477950073.72, 4928777.0
1477950073.77, 4939151.0
1477950073.82, 4948043.0
1477950073.87, 4956935.0
1477950073.92, 4967309.0
1477950073.97, 4976201.0
1477950074.02, 4986575.0
1477950074.07, 4995467.0
1477950074.13, 5004359.0
1477950074.18, 5014733.0
1477950074.23, 5023625.0
1477950074.28, 5032517.0
1477950074.33, 5042891.0
1477950074.38, 5051783.0
1477950074.43, 5060675.0
1477950074.48, 5071049.0
1477950074.53, 5079941.0
1477950074.58, 5090315.0
1477950074.63, 5099207.0
1477950074.68, 5108099.0
1477950074.73, 5118473.0
1477950074.78, 5127365.0
1477950074.83, 5137739.0
1477950074.88, 5146631.0
1477950074.93, 5155523.0
1477950074.98, 5165897.0
1477950075.03, 5174789.0
1477950075.08, 5183681.0
1477950075.13, 5194055.0
1477950075.18, 5202947.0
1477950075.23, 5211839.0
1477950075.28, 5222213.0
1477950075.33, 5231105.0
1477950075.38, 5239997.0
1477950075.43, 5250371.0
1477950075.48, 5259263.0
1477950075.53, 5269637.0
1477950075.58, 5278529.0
1477950075.63, 5287421.0
1477950075.68, 5297795.0
1477950075.73, 5306687.0
1477950075.78, 5315579.0
1477950075.83, 5325953.0
1477950075.88, 5334845.0
1477950075.93, 5343737.0
1477950075.99, 5354111.0
1477950076.04, 5363003.0
1477950076.09, 5371895.0
1477950076.14, 5382269.0
1477950076.19, 5391161.0
1477950076.24, 5401535.0
1477950076.29, 5410427.0
1477950076.34, 5419319.0
1477950076.39, 5429693.0
1477950076.44, 5438585.0
1477950076.49, 5447477.0
1477950076.54, 5457851.0
1477950076.59, 5466743.0
1477950076.64, 5475635.0
1477950076.69, 5486009.0
1477950076.74, 5494901.0
1477950076.79, 5505275.0
1477950076.84, 5514167.0
1477950076.89, 5523059.0
1477950076.94, 5533433.0
1477950076.99, 5542325.0
1477950077.04, 5551217.0
1477950077.09, 5561591.0
