1477950045.59, 2418458.0
1477950045.75, 2448474.0
1477950045.87, 2470920.0
1477950045.95, 2484414.0
1477950046.06, 2506926.0
1477950046.17, 2526344.0
1477950046.24, 2538456.0
1477950046.32, 2555115.0
1477950046.45, 2577693.0
1477950046.57, 2600408.0
1477950046.67, 2619694.0
1477950046.81, 2643959.0
1477950046.91, 2662121.0
1477950047.04, 2671139.0
1477950047.16, 2677297.0
1477950047.21, 2681965.0
1477950047.26, 2685119.0
1477950047.31, 2686633.0
1477950047.36, 2694071.0
1477950047.41, 2697075.0
1477950047.46, 2700079.0
1477950047.51, 2706003.0
1477950047.56, 2708965.0
1477950047.61, 2710479.0
1477950047.66, 2714955.0
1477950047.71, 2719683.0
1477950047.76, 2722795.0
1477950047.81, 2727421.0
1477950047.86, 2728977.0
1477950047.91, 2733495.0
1477950047.98, 2736565.0
1477950048.03, 2741125.0
1477950048.08, 2744237.0
1477950048.13, 2745793.0
1477950048.18, 2747349.0
1477950048.23, 2750377.0
1477950048.28, 2751933.0
1477950048.33, 2754937.0
1477950048.38, 2758091.0
1477950048.43, 2761095.0
1477950048.48, 2764057.0
1477950048.53, 2765571.0
1477950048.58, 2768533.0
1477950048.63, 2771495.0
1477950048.68, 2771495.0
1477950048.74, 2771495.0
1477950048.79, 2771495.0
1477950048.84, 2771495.0
1477950048.89, 2771537.0
1477950048.94, 2771537.0
1477950048.99, 2771579.0
1477950049.04, 2771663.0
1477950049.09, 2771663.0
1477950049.14, 2771705.0
1477950049.19, 2771747.0
1477950049.24, 2771747.0
1477950049.29, 2771747.0
1477950049.34, 2771789.0
1477950049.39, 2771789.0
1477950049.44, 2771831.0
1477950049.49, 2771831.0
1477950049.54, 2771873.0
1477950049.59, 2771873.0
1477950049.64, 2771873.0
1477950049.69, 2771873.0
1477950049.74, 2771915.0
1477950049.79, 2773429.0
1477950049.84, 2773513.0
1477950049.89, 2773597.0
1477950049.94, 2773597.0
1477950049.99, 2773681.0
1477950050.04, 2773681.0
1477950050.09, 2773681.0
1477950050.14, 2773681.0
1477950050.2, 2773723.0
1477950050.25, 2773723.0
1477950050.3, 2773723.0
1477950050.35, 2773723.0
1477950050.4, 2773723.0
1477950050.45, 2773723.0
1477950050.5, 2773723.0
1477950050.55, 2773723.0
1477950050.6, 2773723.0
1477950050.65, 2773723.0
1477950050.7, 2773723.0
1477950050.75, 2773765.0
1477950050.8, 2773765.0
1477950050.85, 2773765.0
1477950050.9, 2775279.0
1477950050.95, 2775279.0
1477950051.0, 2775279.0
1477950051.05, 2778307.0
1477950051.1, 2778307.0
1477950051.15, 2778349.0
1477950051.2, 2778349.0
1477950051.25, 2778349.0
1477950051.3, 2778349.0
1477950051.35, 2778391.0
1477950051.4, 2778391.0
1477950051.46, 2778391.0
1477950051.51, 2778391.0
1477950051.56, 2778391.0
1477950051.61, 2778391.0
1477950051.66, 2778391.0
1477950051.71, 2778391.0
1477950051.76, 2778391.0
1477950051.81, 2778391.0
1477950051.86, 2778391.0
1477950051.91, 2778391.0
1477950051.96, 2778391.0
1477950052.01, 2778391.0
1477950052.06, 2778391.0
1477950052.11, 2778391.0
1477950052.16, 2778391.0
1477950052.21, 2779905.0
1477950052.26, 2779905.0
1477950052.31, 2779905.0
1477950052.36, 2779905.0
1477950052.41, 2779905.0
1477950052.46, 2779905.0
1477950052.51, 2779905.0
1477950052.56, 2779905.0
1477950052.61, 2779905.0
1477950052.66, 2779905.0
1477950052.71, 2779905.0
1477950052.76, 2779905.0
1477950052.81, 2779905.0
1477950052.86, 2779905.0
1477950052.91, 2779905.0
1477950052.96, 2779905.0
1477950053.01, 2779905.0
1477950053.06, 2779905.0
1477950053.11, 2779905.0
1477950053.16, 2779905.0
1477950053.21, 2779905.0
1477950053.26, 2779905.0
1477950053.32, 2779905.0
1477950053.37, 2779905.0
1477950053.42, 2779905.0
1477950053.47, 2779905.0
1477950053.52, 2779905.0
1477950053.57, 2779905.0
1477950053.62, 2779905.0
1477950053.67, 2779905.0
1477950053.72, 2779905.0
1477950053.77, 2779905.0
1477950053.82, 2779905.0
1477950053.87, 2779905.0
1477950053.92, 2779905.0
1477950053.97, 2779905.0
1477950054.02, 2779905.0
1477950054.07, 2779905.0
1477950054.12, 2779905.0
1477950054.17, 2779905.0
1477950054.22, 2779905.0
1477950054.27, 2779905.0
1477950054.32, 2779905.0
1477950054.37, 2779905.0
1477950054.42, 2779905.0
1477950054.47, 2779905.0
1477950054.52, 2779905.0
1477950054.57, 2779905.0
1477950054.62, 2779905.0
1477950054.67, 2779905.0
1477950054.72, 2779905.0
1477950054.77, 2779905.0
1477950054.82, 2779905.0
1477950054.87, 2779905.0
1477950054.92, 2779905.0
1477950054.97, 2779905.0
1477950055.02, 2779905.0
1477950055.07, 2779905.0
1477950055.12, 2779905.0
1477950055.17, 2779905.0
1477950055.22, 2779905.0
1477950055.27, 2779905.0
1477950055.32, 2779905.0
1477950055.37, 2779905.0
1477950055.42, 2779905.0
1477950055.47, 2779905.0
1477950055.52, 2779905.0
1477950055.57, 2779905.0
1477950055.62, 2779905.0
1477950055.67, 2779905.0
1477950055.73, 2779905.0
1477950055.78, 2779905.0
1477950055.83, 2779905.0
1477950055.88, 2779905.0
1477950055.93, 2779905.0
1477950055.98, 2779905.0
1477950056.03, 2779905.0
1477950056.08, 2779905.0
1477950056.13, 2779905.0
1477950056.18, 2779905.0
1477950056.23, 2779905.0
1477950056.28, 2779905.0
1477950056.33, 2779905.0
1477950056.38, 2779905.0
1477950056.43, 2779905.0
1477950056.48, 2779905.0
1477950056.53, 2779905.0
1477950056.58, 2779905.0
1477950056.63, 2779905.0
1477950056.68, 2779905.0
1477950056.73, 2779905.0
1477950056.78, 2779905.0
1477950056.83, 2779905.0
1477950056.88, 2779905.0
1477950056.93, 2779905.0
1477950056.98, 2779905.0
1477950057.03, 2779905.0
1477950057.08, 2779905.0
1477950057.14, 2779905.0
1477950057.19, 2779905.0
1477950057.24, 2779905.0
1477950057.29, 2779905.0
1477950057.34, 2779905.0
1477950057.39, 2779905.0
1477950057.44, 2779905.0
1477950057.49, 2779905.0
1477950057.54, 2779905.0
1477950057.59, 2779905.0
1477950057.64, 2779905.0
1477950057.69, 2779905.0
1477950057.74, 2779905.0
1477950057.79, 2779905.0
1477950057.84, 2779905.0
1477950057.89, 2779905.0
1477950057.94, 2779905.0
1477950057.99, 2779905.0
1477950058.04, 2779905.0
1477950058.09, 2779905.0
1477950058.14, 2779905.0
1477950058.19, 2779905.0
1477950058.24, 2779905.0
1477950058.3, 2779905.0
1477950058.35, 2779905.0
1477950058.4, 2779905.0
1477950058.45, 2779905.0
1477950058.5, 2779905.0
1477950058.55, 2779905.0
1477950058.6, 2779905.0
1477950058.65, 2779905.0
1477950058.7, 2779905.0
1477950058.75, 2779905.0
1477950058.8, 2779905.0
1477950058.86, 2779905.0
1477950058.91, 2779905.0
1477950058.96, 2779905.0
1477950059.01, 2779905.0
1477950059.06, 2779905.0
1477950059.11, 2779905.0
1477950059.16, 2779905.0
1477950059.21, 2779905.0
1477950059.26, 2779905.0
1477950059.33, 2779947.0
1477950059.38, 2779947.0
1477950059.43, 2779947.0
1477950059.48, 2779947.0
1477950059.53, 2781461.0
1477950059.58, 2781461.0
1477950059.63, 2781461.0
1477950059.68, 2781461.0
1477950059.73, 2781461.0
1477950059.78, 2781461.0
1477950059.83, 2781461.0
1477950059.88, 2781461.0
1477950059.93, 2781461.0
1477950059.98, 2781461.0
1477950060.03, 2781461.0
1477950060.08, 2781461.0
1477950060.13, 2781461.0
1477950060.18, 2781461.0
1477950060.23, 2781461.0
1477950060.28, 2781461.0
1477950060.33, 2781461.0
1477950060.38, 2781461.0
1477950060.43, 2781461.0
1477950060.48, 2781461.0
1477950060.53, 2781461.0
1477950060.58, 2781461.0
1477950060.63, 2781461.0
1477950060.68, 2781461.0
1477950060.73, 2781461.0
1477950060.79, 2781461.0
1477950060.84, 2781461.0
1477950060.89, 2781461.0
1477950060.94, 2781461.0
1477950060.99, 2781461.0
1477950061.04, 2781461.0
1477950061.09, 2781461.0
1477950061.14, 2781461.0
1477950061.19, 2781461.0
1477950061.24, 2781461.0
1477950061.29, 2781461.0
1477950061.34, 2781461.0
1477950061.39, 2781461.0
1477950061.44, 2781461.0
1477950061.49, 2781461.0
1477950061.54, 2781461.0
1477950061.59, 2781461.0
1477950061.64, 2781461.0
1477950061.69, 2781461.0
1477950061.74, 2781461.0
1477950061.79, 2781461.0
1477950061.84, 2781461.0
1477950061.89, 2781461.0
1477950061.94, 2781461.0
1477950061.99, 2781461.0
1477950062.04, 2781461.0
1477950062.09, 2781461.0
1477950062.14, 2781461.0
1477950062.19, 2781461.0
1477950062.24, 2781461.0
1477950062.29, 2781461.0
1477950062.34, 2781664.0
1477950062.4, 2781664.0
1477950062.45, 2781664.0
1477950062.5, 2781664.0
1477950062.55, 2781664.0
1477950062.6, 2781664.0
1477950062.65, 2781664.0
1477950062.7, 2781664.0
1477950062.75, 2781664.0
1477950062.8, 2781664.0
1477950062.85, 2781664.0
1477950062.9, 2781664.0
1477950062.95, 2781664.0
1477950063.0, 2781664.0
1477950063.05, 2781664.0
1477950063.1, 2781664.0
1477950063.15, 2781664.0
1477950063.2, 2781664.0
1477950063.25, 2781664.0
1477950063.3, 2781664.0
1477950063.35, 2781664.0
1477950063.41, 2781664.0
1477950063.46, 2781664.0
1477950063.51, 2781664.0
1477950063.56, 2781664.0
1477950063.61, 2781664.0
1477950063.66, 2781664.0
1477950063.71, 2781664.0
1477950063.76, 2781664.0
1477950063.81, 2781664.0
1477950063.86, 2781664.0
1477950063.91, 2781664.0
1477950063.96, 2781664.0
1477950064.01, 2781664.0
1477950064.06, 2781664.0
1477950064.11, 2781664.0
1477950064.16, 2781664.0
1477950064.21, 2781664.0
1477950064.26, 2781664.0
1477950064.31, 2781664.0
1477950064.36, 2781664.0
1477950064.41, 2781664.0
1477950064.46, 2781664.0
1477950064.51, 2781664.0
1477950064.56, 2781664.0
1477950064.61, 2781664.0
1477950064.66, 2781664.0
1477950064.71, 2781664.0
1477950064.76, 2781664.0
1477950064.81, 2781664.0
1477950064.86, 2781664.0
1477950064.91, 2781664.0
1477950064.97, 2781664.0
1477950065.02, 2781664.0
1477950065.07, 2781664.0
1477950065.12, 2781664.0
1477950065.17, 2781664.0
1477950065.22, 2781664.0
1477950065.27, 2781664.0
1477950065.32, 2781664.0
1477950065.37, 2781664.0
1477950065.42, 2781664.0
1477950065.47, 2781664.0
1477950065.52, 2781664.0
1477950065.57, 2781664.0
1477950065.62, 2781664.0
1477950065.67, 2781664.0
1477950065.72, 2781664.0
1477950065.77, 2781664.0
1477950065.82, 2781664.0
1477950065.87, 2781664.0
1477950065.92, 2781664.0
1477950065.97, 2781664.0
1477950066.02, 2781664.0
1477950066.07, 2781664.0
1477950066.12, 2781664.0
1477950066.17, 2781664.0
1477950066.22, 2781664.0
1477950066.27, 2781664.0
1477950066.32, 2781664.0
1477950066.37, 2781664.0
1477950066.42, 2781664.0
1477950066.47, 2781664.0
1477950066.52, 2781664.0
1477950066.57, 2781664.0
1477950066.62, 2781664.0
1477950066.67, 2781664.0
1477950066.73, 2781664.0
1477950066.78, 2781664.0
1477950066.83, 2781664.0
1477950066.88, 2783178.0
1477950066.93, 2783178.0
1477950066.98, 2783178.0
1477950067.03, 2783178.0
1477950067.08, 2783178.0
1477950067.13, 2783178.0
1477950067.18, 2783178.0
1477950067.23, 2783178.0
1477950067.28, 2783178.0
1477950067.33, 2783178.0
1477950067.38, 2783178.0
1477950067.43, 2783178.0
1477950067.48, 2783178.0
1477950067.53, 2783178.0
1477950067.58, 2783178.0
1477950067.63, 2783178.0
1477950067.69, 2783178.0
1477950067.74, 2783178.0
1477950067.79, 2783178.0
1477950067.84, 2783178.0
1477950067.89, 2783178.0
1477950067.94, 2783178.0
1477950067.99, 2783178.0
1477950068.04, 2784692.0
1477950068.09, 2784692.0
1477950068.14, 2784692.0
1477950068.19, 2784692.0
1477950068.24, 2784692.0
1477950068.29, 2784692.0
1477950068.34, 2784692.0
1477950068.39, 2784692.0
1477950068.44, 2784692.0
1477950068.49, 2784692.0
1477950068.54, 2784692.0
1477950068.59, 2784692.0
1477950068.64, 2784692.0
1477950068.69, 2784692.0
1477950068.74, 2784692.0
1477950068.79, 2784692.0
1477950068.84, 2784692.0
1477950068.89, 2784692.0
1477950068.94, 2784692.0
1477950068.99, 2784692.0
1477950069.04, 2784692.0
1477950069.1, 2784692.0
1477950069.15, 2784692.0
1477950069.2, 2786206.0
1477950069.25, 2786206.0
1477950069.3, 2786206.0
1477950069.35, 2786206.0
1477950069.4, 2786206.0
1477950069.45, 2786206.0
1477950069.5, 2786206.0
1477950069.55, 2786206.0
1477950069.6, 2786206.0
1477950069.65, 2786206.0
1477950069.7, 2786206.0
1477950069.75, 2786206.0
1477950069.8, 2786206.0
1477950069.85, 2786206.0
1477950069.9, 2786206.0
1477950069.95, 2786206.0
1477950070.0, 2786206.0
1477950070.05, 2786206.0
1477950070.1, 2786206.0
1477950070.15, 2786206.0
1477950070.2, 2786206.0
1477950070.25, 2786206.0
1477950070.3, 2786206.0
1477950070.35, 2787720.0
1477950070.4, 2787720.0
1477950070.45, 2787720.0
1477950070.5, 2787720.0
1477950070.55, 2787923.0
1477950070.6, 2787923.0
1477950070.65, 2787923.0
1477950070.7, 2787923.0
1477950070.76, 2787923.0
1477950070.81, 2787923.0
1477950070.86, 2787923.0
1477950070.91, 2787923.0
1477950070.96, 2787923.0
1477950071.01, 2787923.0
1477950071.06, 2787923.0
1477950071.11, 2787923.0
1477950071.16, 2787923.0
1477950071.21, 2787923.0
1477950071.26, 2787923.0
1477950071.31, 2787923.0
1477950071.36, 2787923.0
1477950071.41, 2787923.0
1477950071.46, 2787923.0
1477950071.51, 2789437.0
1477950071.56, 2789437.0
1477950071.61, 2789437.0
1477950071.66, 2789437.0
1477950071.71, 2789437.0
1477950071.76, 2789437.0
1477950071.81, 2789437.0
1477950071.86, 2789437.0
1477950071.91, 2789437.0
1477950071.96, 2789437.0
1477950072.01, 2789437.0
1477950072.06, 2789437.0
1477950072.11, 2789437.0
1477950072.16, 2789437.0
1477950072.22, 2789437.0
1477950072.27, 2789437.0
1477950072.32, 2789437.0
1477950072.37, 2789437.0
1477950072.42, 2789437.0
1477950072.47, 2789437.0
1477950072.52, 2789437.0
1477950072.57, 2789437.0
1477950072.62, 2789437.0
1477950072.67, 2789437.0
1477950072.72, 2789437.0
1477950072.77, 2789437.0
1477950072.82, 2789437.0
1477950072.87, 2789437.0
1477950072.92, 2789437.0
1477950072.97, 2789437.0
1477950073.02, 2789437.0
1477950073.07, 2789437.0
1477950073.12, 2789437.0
1477950073.17, 2789437.0
1477950073.22, 2789437.0
1477950073.27, 2789437.0
1477950073.32, 2789437.0
1477950073.37, 2789437.0
1477950073.42, 2789437.0
1477950073.47, 2789437.0
1477950073.52, 2789437.0
1477950073.57, 2789437.0
1477950073.62, 2789437.0
1477950073.67, 2789437.0
1477950073.72, 2789437.0
1477950073.77, 2789437.0
1477950073.82, 2789437.0
1477950073.87, 2789437.0
1477950073.92, 2789437.0
1477950073.97, 2789437.0
1477950074.02, 2789437.0
1477950074.07, 2789437.0
1477950074.13, 2789437.0
1477950074.18, 2789437.0
1477950074.23, 2789437.0
1477950074.28, 2789437.0
1477950074.33, 2789437.0
1477950074.38, 2789437.0
1477950074.43, 2789437.0
1477950074.48, 2789437.0
1477950074.53, 2789437.0
1477950074.58, 2789437.0
1477950074.63, 2789437.0
1477950074.68, 2789437.0
1477950074.73, 2789437.0
1477950074.78, 2789437.0
1477950074.83, 2789437.0
1477950074.88, 2789437.0
1477950074.93, 2789437.0
1477950074.98, 2789437.0
1477950075.03, 2789437.0
1477950075.08, 2789437.0
1477950075.13, 2789437.0
1477950075.18, 2789437.0
1477950075.23, 2789437.0
1477950075.28, 2789437.0
1477950075.33, 2789437.0
1477950075.38, 2789437.0
1477950075.43, 2789437.0
1477950075.48, 2789437.0
1477950075.53, 2789437.0
1477950075.58, 2789437.0
1477950075.63, 2789437.0
1477950075.68, 2789437.0
1477950075.73, 2789437.0
1477950075.78, 2789437.0
1477950075.83, 2789437.0
1477950075.88, 2789437.0
1477950075.93, 2789437.0
1477950075.99, 2789437.0
1477950076.04, 2789437.0
1477950076.09, 2789437.0
1477950076.14, 2789437.0
1477950076.19, 2789437.0
1477950076.24, 2789437.0
1477950076.29, 2789437.0
1477950076.34, 2789437.0
1477950076.39, 2789437.0
1477950076.44, 2789437.0
1477950076.49, 2789437.0
1477950076.54, 2789437.0
1477950076.59, 2789437.0
1477950076.64, 2789437.0
1477950076.69, 2789437.0
1477950076.74, 2789437.0
1477950076.79, 2789437.0
1477950076.84, 2789437.0
1477950076.89, 2789437.0
1477950076.94, 2789437.0
1477950076.99, 2789437.0
1477950077.04, 2789437.0
1477950077.09, 2789437.0
