1477950045.59, 2628502.0
1477950045.75, 2664442.0
1477950045.87, 2688534.0
1477950045.95, 2705056.0
1477950046.06, 2726054.0
1477950046.17, 2746986.0
1477950046.24, 2757584.0
1477950046.32, 2775554.0
1477950046.45, 2795104.0
1477950046.57, 2818866.0
1477950046.67, 2833808.0
1477950046.81, 2857768.0
1477950046.91, 2872776.0
1477950047.04, 2883308.0
1477950047.16, 2889364.0
1477950047.21, 2892392.0
1477950047.26, 2899830.0
1477950047.31, 2905754.0
1477950047.36, 2917602.0
1477950047.41, 2920564.0
1477950047.46, 2922078.0
1477950047.51, 2926554.0
1477950047.56, 2929582.0
1477950047.61, 2931096.0
1477950047.66, 2934058.0
1477950047.71, 2940114.0
1477950047.76, 2943142.0
1477950047.81, 2950646.0
1477950047.86, 2952160.0
1477950047.91, 2956636.0
1477950047.98, 2959664.0
1477950048.03, 2961178.0
1477950048.08, 2962692.0
1477950048.13, 2965720.0
1477950048.18, 2967234.0
1477950048.23, 2971710.0
1477950048.28, 2973224.0
1477950048.33, 2976186.0
1477950048.38, 2979148.0
1477950048.43, 2983624.0
1477950048.48, 2986586.0
1477950048.53, 2988100.0
1477950048.58, 2991062.0
1477950048.63, 2994024.0
1477950048.68, 2994024.0
1477950048.74, 2994024.0
1477950048.79, 2994024.0
1477950048.84, 2994024.0
1477950048.89, 2994024.0
1477950048.94, 2994024.0
1477950048.99, 2994024.0
1477950049.04, 2994024.0
1477950049.09, 2994024.0
1477950049.14, 2994024.0
1477950049.19, 2994024.0
1477950049.24, 2994024.0
1477950049.29, 2994024.0
1477950049.34, 2994024.0
1477950049.39, 2994024.0
1477950049.44, 2994024.0
1477950049.49, 2994024.0
1477950049.54, 2994024.0
1477950049.59, 2994024.0
1477950049.64, 2995538.0
1477950049.69, 2995538.0
1477950049.74, 2995538.0
1477950049.79, 2998566.0
1477950049.84, 2998566.0
1477950049.89, 2998566.0
1477950049.94, 2998566.0
1477950049.99, 2998566.0
1477950050.04, 2998566.0
1477950050.09, 2998566.0
1477950050.14, 2998566.0
1477950050.2, 2998566.0
1477950050.25, 2998566.0
1477950050.3, 2998566.0
1477950050.35, 2998566.0
1477950050.4, 2998566.0
1477950050.45, 2998566.0
1477950050.5, 2998566.0
1477950050.55, 2998566.0
1477950050.6, 2998566.0
1477950050.65, 2998566.0
1477950050.7, 2998566.0
1477950050.75, 2998566.0
1477950050.8, 3000080.0
1477950050.85, 3000080.0
1477950050.9, 3003108.0
1477950050.95, 3003108.0
1477950051.0, 3003108.0
1477950051.05, 3006136.0
1477950051.1, 3006136.0
1477950051.15, 3006136.0
1477950051.2, 3006136.0
1477950051.25, 3006136.0
1477950051.3, 3006136.0
1477950051.35, 3006136.0
1477950051.4, 3006136.0
1477950051.46, 3006136.0
1477950051.51, 3006136.0
1477950051.56, 3006136.0
1477950051.61, 3006136.0
1477950051.66, 3006136.0
1477950051.71, 3006136.0
1477950051.76, 3006136.0
1477950051.81, 3006136.0
1477950051.86, 3006136.0
1477950051.91, 3006136.0
1477950051.96, 3006136.0
1477950052.01, 3006136.0
1477950052.06, 3007650.0
1477950052.11, 3007650.0
1477950052.16, 3007650.0
1477950052.21, 3010678.0
1477950052.26, 3010678.0
1477950052.31, 3010678.0
1477950052.36, 3010678.0
1477950052.41, 3010678.0
1477950052.46, 3010678.0
1477950052.51, 3010678.0
1477950052.56, 3010678.0
1477950052.61, 3010678.0
1477950052.66, 3010678.0
1477950052.71, 3010678.0
1477950052.76, 3010678.0
1477950052.81, 3010678.0
1477950052.86, 3010678.0
1477950052.91, 3010678.0
1477950052.96, 3010678.0
1477950053.01, 3010678.0
1477950053.06, 3010678.0
1477950053.11, 3010678.0
1477950053.16, 3010678.0
1477950053.21, 3012192.0
1477950053.26, 3012192.0
1477950053.32, 3012192.0
1477950053.37, 3012192.0
1477950053.42, 3012192.0
1477950053.47, 3012192.0
1477950053.52, 3012192.0
1477950053.57, 3012192.0
1477950053.62, 3012192.0
1477950053.67, 3012192.0
1477950053.72, 3012192.0
1477950053.77, 3012192.0
1477950053.82, 3012192.0
1477950053.87, 3012192.0
1477950053.92, 3012192.0
1477950053.97, 3012192.0
1477950054.02, 3012192.0
1477950054.07, 3012192.0
1477950054.12, 3012192.0
1477950054.17, 3012192.0
1477950054.22, 3012192.0
1477950054.27, 3012192.0
1477950054.32, 3012192.0
1477950054.37, 3012192.0
1477950054.42, 3012192.0
1477950054.47, 3012192.0
1477950054.52, 3012192.0
1477950054.57, 3012192.0
1477950054.62, 3012192.0
1477950054.67, 3012192.0
1477950054.72, 3012192.0
1477950054.77, 3012192.0
1477950054.82, 3012192.0
1477950054.87, 3012192.0
1477950054.92, 3012192.0
1477950054.97, 3012192.0
1477950055.02, 3012192.0
1477950055.07, 3012192.0
1477950055.12, 3012192.0
1477950055.17, 3012192.0
1477950055.22, 3012192.0
1477950055.27, 3013706.0
1477950055.32, 3013706.0
1477950055.37, 3013706.0
1477950055.42, 3013706.0
1477950055.47, 3013706.0
1477950055.52, 3013706.0
1477950055.57, 3013706.0
1477950055.62, 3013706.0
1477950055.67, 3013706.0
1477950055.73, 3013706.0
1477950055.78, 3013706.0
1477950055.83, 3013706.0
1477950055.88, 3013706.0
1477950055.93, 3013706.0
1477950055.98, 3013706.0
1477950056.03, 3013706.0
1477950056.08, 3013706.0
1477950056.13, 3013706.0
1477950056.18, 3013706.0
1477950056.23, 3013706.0
1477950056.28, 3013706.0
1477950056.33, 3013706.0
1477950056.38, 3013706.0
1477950056.43, 3013706.0
1477950056.48, 3013706.0
1477950056.53, 3013706.0
1477950056.58, 3013706.0
1477950056.63, 3013706.0
1477950056.68, 3013706.0
1477950056.73, 3013706.0
1477950056.78, 3013706.0
1477950056.83, 3013706.0
1477950056.88, 3013706.0
1477950056.93, 3013706.0
1477950056.98, 3013706.0
1477950057.03, 3013706.0
1477950057.08, 3013706.0
1477950057.14, 3013706.0
1477950057.19, 3013748.0
1477950057.24, 3013748.0
1477950057.29, 3013748.0
1477950057.34, 3013748.0
1477950057.39, 3013748.0
1477950057.44, 3013748.0
1477950057.49, 3013748.0
1477950057.54, 3013748.0
1477950057.59, 3013748.0
1477950057.64, 3013748.0
1477950057.69, 3013748.0
1477950057.74, 3013748.0
1477950057.79, 3013748.0
1477950057.84, 3013748.0
1477950057.89, 3013748.0
1477950057.94, 3013748.0
1477950057.99, 3013748.0
1477950058.04, 3013748.0
1477950058.09, 3013748.0
1477950058.14, 3013748.0
1477950058.19, 3013790.0
1477950058.24, 3013790.0
1477950058.3, 3013790.0
1477950058.35, 3013790.0
1477950058.4, 3013790.0
1477950058.45, 3013790.0
1477950058.5, 3013790.0
1477950058.55, 3013790.0
1477950058.6, 3013790.0
1477950058.65, 3013790.0
1477950058.7, 3013790.0
1477950058.75, 3013790.0
1477950058.8, 3013790.0
1477950058.86, 3013790.0
1477950058.91, 3013790.0
1477950058.96, 3013790.0
1477950059.01, 3013790.0
1477950059.06, 3013790.0
1477950059.11, 3013790.0
1477950059.16, 3013790.0
1477950059.21, 3013832.0
1477950059.26, 3013832.0
1477950059.33, 3013832.0
1477950059.38, 3015346.0
1477950059.43, 3015346.0
1477950059.48, 3015346.0
1477950059.53, 3018374.0
1477950059.58, 3018374.0
1477950059.63, 3018374.0
1477950059.68, 3018374.0
1477950059.73, 3018374.0
1477950059.78, 3018374.0
1477950059.83, 3018374.0
1477950059.88, 3018374.0
1477950059.93, 3018374.0
1477950059.98, 3018374.0
1477950060.03, 3018374.0
1477950060.08, 3018374.0
1477950060.13, 3018374.0
1477950060.18, 3018374.0
1477950060.23, 3018374.0
1477950060.28, 3018374.0
1477950060.33, 3018374.0
1477950060.38, 3018374.0
1477950060.43, 3018374.0
1477950060.48, 3018374.0
1477950060.53, 3019888.0
1477950060.58, 3019888.0
1477950060.63, 3019888.0
1477950060.68, 3019888.0
1477950060.73, 3019888.0
1477950060.79, 3019888.0
1477950060.84, 3019888.0
1477950060.89, 3019888.0
1477950060.94, 3019888.0
1477950060.99, 3019888.0
1477950061.04, 3019888.0
1477950061.09, 3019888.0
1477950061.14, 3019888.0
1477950061.19, 3019888.0
1477950061.24, 3019888.0
1477950061.29, 3019888.0
1477950061.34, 3019888.0
1477950061.39, 3019888.0
1477950061.44, 3019888.0
1477950061.49, 3019888.0
1477950061.54, 3019888.0
1477950061.59, 3019888.0
1477950061.64, 3019888.0
1477950061.69, 3019888.0
1477950061.74, 3019888.0
1477950061.79, 3019888.0
1477950061.84, 3019888.0
1477950061.89, 3019888.0
1477950061.94, 3019888.0
1477950061.99, 3019888.0
1477950062.04, 3019888.0
1477950062.09, 3019888.0
1477950062.14, 3019888.0
1477950062.19, 3019888.0
1477950062.24, 3019888.0
1477950062.29, 3019888.0
1477950062.34, 3019888.0
1477950062.4, 3019888.0
1477950062.45, 3019888.0
1477950062.5, 3019888.0
1477950062.55, 3019888.0
1477950062.6, 3021402.0
1477950062.65, 3021402.0
1477950062.7, 3021402.0
1477950062.75, 3021402.0
1477950062.8, 3021402.0
1477950062.85, 3021402.0
1477950062.9, 3021402.0
1477950062.95, 3021402.0
1477950063.0, 3021402.0
1477950063.05, 3021402.0
1477950063.1, 3021402.0
1477950063.15, 3021402.0
1477950063.2, 3021402.0
1477950063.25, 3021402.0
1477950063.3, 3021402.0
1477950063.35, 3021402.0
1477950063.41, 3021402.0
1477950063.46, 3021402.0
1477950063.51, 3021402.0
1477950063.56, 3021402.0
1477950063.61, 3021402.0
1477950063.66, 3021402.0
1477950063.71, 3021402.0
1477950063.76, 3021402.0
1477950063.81, 3021402.0
1477950063.86, 3021402.0
1477950063.91, 3021402.0
1477950063.96, 3021402.0
1477950064.01, 3021402.0
1477950064.06, 3021402.0
1477950064.11, 3021402.0
1477950064.16, 3021402.0
1477950064.21, 3021402.0
1477950064.26, 3021402.0
1477950064.31, 3021402.0
1477950064.36, 3021402.0
1477950064.41, 3021402.0
1477950064.46, 3021402.0
1477950064.51, 3021402.0
1477950064.56, 3021402.0
1477950064.61, 3021402.0
1477950064.66, 3021402.0
1477950064.71, 3021402.0
1477950064.76, 3021402.0
1477950064.81, 3021402.0
1477950064.86, 3021402.0
1477950064.91, 3021402.0
1477950064.97, 3021402.0
1477950065.02, 3021402.0
1477950065.07, 3021402.0
1477950065.12, 3021402.0
1477950065.17, 3021402.0
1477950065.22, 3021402.0
1477950065.27, 3021402.0
1477950065.32, 3021402.0
1477950065.37, 3021402.0
1477950065.42, 3021402.0
1477950065.47, 3021402.0
1477950065.52, 3021402.0
1477950065.57, 3021402.0
1477950065.62, 3021402.0
1477950065.67, 3021402.0
1477950065.72, 3021402.0
1477950065.77, 3021402.0
1477950065.82, 3021402.0
1477950065.87, 3021402.0
1477950065.92, 3021402.0
1477950065.97, 3021402.0
1477950066.02, 3021402.0
1477950066.07, 3021402.0
1477950066.12, 3021402.0
1477950066.17, 3021402.0
1477950066.22, 3021402.0
1477950066.27, 3021402.0
1477950066.32, 3021402.0
1477950066.37, 3021402.0
1477950066.42, 3021402.0
1477950066.47, 3021402.0
1477950066.52, 3021402.0
1477950066.57, 3021402.0
1477950066.62, 3021402.0
1477950066.67, 3021402.0
1477950066.73, 3022916.0
1477950066.78, 3022916.0
1477950066.83, 3022916.0
1477950066.88, 3025944.0
1477950066.93, 3025944.0
1477950066.98, 3025944.0
1477950067.03, 3025944.0
1477950067.08, 3025944.0
1477950067.13, 3025944.0
1477950067.18, 3025944.0
1477950067.23, 3025944.0
1477950067.28, 3025944.0
1477950067.33, 3025944.0
1477950067.38, 3025944.0
1477950067.43, 3025944.0
1477950067.48, 3025944.0
1477950067.53, 3025944.0
1477950067.58, 3025944.0
1477950067.63, 3025944.0
1477950067.69, 3025944.0
1477950067.74, 3025944.0
1477950067.79, 3025944.0
1477950067.84, 3025944.0
1477950067.89, 3027458.0
1477950067.94, 3027458.0
1477950067.99, 3027458.0
1477950068.04, 3030486.0
1477950068.09, 3030486.0
1477950068.14, 3030486.0
1477950068.19, 3030486.0
1477950068.24, 3030486.0
1477950068.29, 3030486.0
1477950068.34, 3030486.0
1477950068.39, 3030486.0
1477950068.44, 3030486.0
1477950068.49, 3030486.0
1477950068.54, 3030486.0
1477950068.59, 3030486.0
1477950068.64, 3030486.0
1477950068.69, 3030486.0
1477950068.74, 3030486.0
1477950068.79, 3030486.0
1477950068.84, 3030486.0
1477950068.89, 3030486.0
1477950068.94, 3030486.0
1477950068.99, 3030486.0
1477950069.04, 3032000.0
1477950069.1, 3032000.0
1477950069.15, 3032000.0
1477950069.2, 3035028.0
1477950069.25, 3035028.0
1477950069.3, 3035028.0
1477950069.35, 3035028.0
1477950069.4, 3035028.0
1477950069.45, 3035028.0
1477950069.5, 3035028.0
1477950069.55, 3035028.0
1477950069.6, 3035028.0
1477950069.65, 3035028.0
1477950069.7, 3035028.0
1477950069.75, 3035028.0
1477950069.8, 3035028.0
1477950069.85, 3035028.0
1477950069.9, 3035028.0
1477950069.95, 3035028.0
1477950070.0, 3035028.0
1477950070.05, 3035028.0
1477950070.1, 3035028.0
1477950070.15, 3035028.0
1477950070.2, 3035028.0
1477950070.25, 3036542.0
1477950070.3, 3036542.0
1477950070.35, 3039570.0
1477950070.4, 3039570.0
1477950070.45, 3039570.0
1477950070.5, 3039570.0
1477950070.55, 3039570.0
1477950070.6, 3039570.0
1477950070.65, 3039570.0
1477950070.7, 3039570.0
1477950070.76, 3039570.0
1477950070.81, 3039570.0
1477950070.86, 3039570.0
1477950070.91, 3039570.0
1477950070.96, 3039570.0
1477950071.01, 3039570.0
1477950071.06, 3039570.0
1477950071.11, 3039570.0
1477950071.16, 3039570.0
1477950071.21, 3039570.0
1477950071.26, 3039570.0
1477950071.31, 3039570.0
1477950071.36, 3039570.0
1477950071.41, 3041084.0
1477950071.46, 3041084.0
1477950071.51, 3044112.0
1477950071.56, 3044112.0
1477950071.61, 3044112.0
1477950071.66, 3044112.0
1477950071.71, 3044112.0
1477950071.76, 3044112.0
1477950071.81, 3044112.0
1477950071.86, 3044112.0
1477950071.91, 3044112.0
1477950071.96, 3044112.0
1477950072.01, 3044112.0
1477950072.06, 3044112.0
1477950072.11, 3044112.0
1477950072.16, 3044112.0
1477950072.22, 3044112.0
1477950072.27, 3044112.0
1477950072.32, 3044112.0
1477950072.37, 3044112.0
1477950072.42, 3044112.0
1477950072.47, 3044112.0
1477950072.52, 3044112.0
1477950072.57, 3045626.0
1477950072.62, 3045626.0
1477950072.67, 3045626.0
1477950072.72, 3045626.0
1477950072.77, 3045626.0
1477950072.82, 3045626.0
1477950072.87, 3045626.0
1477950072.92, 3045626.0
1477950072.97, 3045626.0
1477950073.02, 3045626.0
1477950073.07, 3045626.0
1477950073.12, 3045626.0
1477950073.17, 3045626.0
1477950073.22, 3045626.0
1477950073.27, 3045626.0
1477950073.32, 3045626.0
1477950073.37, 3045626.0
1477950073.42, 3045626.0
1477950073.47, 3045626.0
1477950073.52, 3045626.0
1477950073.57, 3045626.0
1477950073.62, 3045626.0
1477950073.67, 3045626.0
1477950073.72, 3045626.0
1477950073.77, 3045626.0
1477950073.82, 3045626.0
1477950073.87, 3045626.0
1477950073.92, 3045626.0
1477950073.97, 3045626.0
1477950074.02, 3045626.0
1477950074.07, 3045626.0
1477950074.13, 3045626.0
1477950074.18, 3045626.0
1477950074.23, 3045626.0
1477950074.28, 3045626.0
1477950074.33, 3045626.0
1477950074.38, 3045626.0
1477950074.43, 3045626.0
1477950074.48, 3045626.0
1477950074.53, 3045626.0
1477950074.58, 3045626.0
1477950074.63, 3047140.0
1477950074.68, 3047140.0
1477950074.73, 3047140.0
1477950074.78, 3047140.0
1477950074.83, 3047140.0
1477950074.88, 3047140.0
1477950074.93, 3047140.0
1477950074.98, 3047140.0
1477950075.03, 3047140.0
1477950075.08, 3047140.0
1477950075.13, 3047140.0
1477950075.18, 3047140.0
1477950075.23, 3047140.0
1477950075.28, 3047140.0
1477950075.33, 3047140.0
1477950075.38, 3047140.0
1477950075.43, 3047140.0
1477950075.48, 3047140.0
1477950075.53, 3047140.0
1477950075.58, 3047140.0
1477950075.63, 3047140.0
1477950075.68, 3047140.0
1477950075.73, 3047140.0
1477950075.78, 3047140.0
1477950075.83, 3047140.0
1477950075.88, 3047140.0
1477950075.93, 3047140.0
1477950075.99, 3047140.0
1477950076.04, 3047140.0
1477950076.09, 3047140.0
1477950076.14, 3047140.0
1477950076.19, 3047140.0
1477950076.24, 3047140.0
1477950076.29, 3047140.0
1477950076.34, 3047140.0
1477950076.39, 3047140.0
1477950076.44, 3047140.0
1477950076.49, 3047140.0
1477950076.54, 3047140.0
1477950076.59, 3047140.0
1477950076.64, 3047140.0
1477950076.69, 3047140.0
1477950076.74, 3047140.0
1477950076.79, 3047140.0
1477950076.84, 3047140.0
1477950076.89, 3047140.0
1477950076.94, 3047140.0
1477950076.99, 3047140.0
1477950077.04, 3047140.0
1477950077.09, 3047140.0
