1477949879.24, 1165.0
1477949879.38, 1178.0
1477949879.53, 1192.0
1477949879.65, 1205.0
1477949879.8, 1220.0
1477949879.95, 1235.0
1477949880.06, 1249.0
1477949880.18, 1262.0
1477949880.3, 1273.0
1477949880.43, 1286.0
1477949880.55, 1298.0
1477949880.67, 1307.0
1477949880.77, 1315.0
1477949880.86, 1317.0
1477949880.93, 1320.0
1477949880.98, 1321.0
1477949881.03, 1327.0
1477949881.08, 1330.0
1477949881.13, 1330.0
1477949881.18, 1333.0
1477949881.23, 1334.0
1477949881.28, 1337.0
1477949881.33, 1339.0
1477949881.38, 1341.0
1477949881.43, 1343.0
1477949881.48, 1347.0
1477949881.53, 1350.0
1477949881.58, 1353.0
1477949881.63, 1354.0
1477949881.69, 1357.0
1477949881.74, 1357.0
1477949881.79, 1359.0
1477949881.84, 1362.0
1477949881.89, 1362.0
1477949881.94, 1366.0
1477949881.99, 1366.0
1477949882.04, 1368.0
1477949882.09, 1370.0
1477949882.14, 1371.0
1477949882.19, 1372.0
1477949882.24, 1375.0
1477949882.29, 1376.0
1477949882.34, 1378.0
1477949882.39, 1381.0
1477949882.44, 1382.0
1477949882.49, 1382.0
1477949882.54, 1382.0
1477949882.59, 1382.0
1477949882.64, 1382.0
1477949882.69, 1382.0
1477949882.74, 1382.0
1477949882.8, 1383.0
1477949882.85, 1383.0
1477949882.9, 1385.0
1477949882.95, 1385.0
1477949883.0, 1385.0
1477949883.05, 1385.0
1477949883.1, 1385.0
1477949883.15, 1387.0
1477949883.2, 1387.0
1477949883.25, 1389.0
1477949883.3, 1389.0
1477949883.35, 1390.0
1477949883.4, 1393.0
1477949883.45, 1394.0
1477949883.5, 1395.0
1477949883.55, 1396.0
1477949883.6, 1396.0
1477949883.65, 1397.0
1477949883.7, 1397.0
1477949883.75, 1398.0
1477949883.8, 1398.0
1477949883.85, 1398.0
1477949883.9, 1398.0
1477949883.95, 1398.0
1477949884.0, 1398.0
1477949884.05, 1398.0
1477949884.1, 1398.0
1477949884.15, 1398.0
1477949884.2, 1398.0
1477949884.25, 1398.0
1477949884.3, 1398.0
1477949884.35, 1398.0
1477949884.4, 1398.0
1477949884.46, 1398.0
1477949884.51, 1398.0
1477949884.56, 1398.0
1477949884.61, 1398.0
1477949884.66, 1398.0
1477949884.71, 1398.0
1477949884.76, 1398.0
1477949884.81, 1398.0
1477949884.86, 1398.0
1477949884.91, 1399.0
1477949884.96, 1399.0
1477949885.01, 1399.0
1477949885.06, 1399.0
1477949885.11, 1399.0
1477949885.16, 1399.0
1477949885.21, 1399.0
1477949885.26, 1399.0
1477949885.31, 1399.0
1477949885.36, 1399.0
1477949885.41, 1399.0
1477949885.46, 1399.0
1477949885.51, 1399.0
1477949885.56, 1399.0
1477949885.61, 1399.0
1477949885.66, 1399.0
1477949885.71, 1399.0
1477949885.76, 1399.0
1477949885.81, 1399.0
1477949885.86, 1399.0
1477949885.91, 1399.0
1477949885.96, 1399.0
1477949886.01, 1399.0
1477949886.06, 1399.0
1477949886.11, 1399.0
1477949886.16, 1399.0
1477949886.22, 1399.0
1477949886.27, 1400.0
1477949886.32, 1400.0
1477949886.37, 1400.0
1477949886.42, 1400.0
1477949886.47, 1400.0
1477949886.52, 1400.0
1477949886.57, 1400.0
1477949886.62, 1400.0
1477949886.67, 1400.0
1477949886.72, 1401.0
1477949886.77, 1401.0
1477949886.82, 1401.0
1477949886.87, 1402.0
1477949886.92, 1402.0
1477949886.97, 1402.0
1477949887.02, 1402.0
1477949887.07, 1402.0
1477949887.12, 1402.0
1477949887.17, 1402.0
1477949887.22, 1402.0
1477949887.27, 1402.0
1477949887.33, 1402.0
1477949887.38, 1402.0
1477949887.43, 1403.0
1477949887.48, 1403.0
1477949887.53, 1403.0
1477949887.58, 1403.0
1477949887.63, 1403.0
1477949887.68, 1403.0
1477949887.73, 1404.0
1477949887.78, 1404.0
1477949887.83, 1404.0
1477949887.88, 1404.0
1477949887.93, 1404.0
1477949887.98, 1404.0
1477949888.03, 1404.0
1477949888.08, 1404.0
1477949888.13, 1405.0
1477949888.18, 1405.0
1477949888.23, 1405.0
1477949888.28, 1405.0
1477949888.33, 1405.0
1477949888.38, 1405.0
1477949888.43, 1405.0
1477949888.48, 1405.0
1477949888.53, 1405.0
1477949888.58, 1405.0
1477949888.63, 1405.0
1477949888.68, 1405.0
1477949888.73, 1405.0
1477949888.78, 1405.0
1477949888.83, 1405.0
1477949888.88, 1405.0
1477949888.93, 1405.0
1477949888.98, 1405.0
1477949889.03, 1405.0
1477949889.08, 1405.0
1477949889.13, 1405.0
1477949889.18, 1405.0
1477949889.23, 1405.0
1477949889.28, 1406.0
1477949889.33, 1406.0
1477949889.38, 1406.0
1477949889.44, 1406.0
1477949889.49, 1406.0
1477949889.54, 1406.0
1477949889.59, 1406.0
1477949889.64, 1406.0
1477949889.69, 1406.0
1477949889.74, 1406.0
1477949889.79, 1406.0
1477949889.84, 1406.0
1477949889.89, 1406.0
1477949889.94, 1406.0
1477949889.99, 1406.0
1477949890.04, 1406.0
1477949890.09, 1406.0
1477949890.14, 1406.0
1477949890.19, 1406.0
1477949890.24, 1406.0
1477949890.29, 1406.0
1477949890.34, 1406.0
1477949890.39, 1406.0
1477949890.44, 1406.0
1477949890.49, 1407.0
1477949890.54, 1407.0
1477949890.59, 1407.0
1477949890.64, 1407.0
1477949890.69, 1407.0
1477949890.74, 1407.0
1477949890.79, 1407.0
1477949890.84, 1407.0
1477949890.89, 1407.0
1477949890.94, 1407.0
1477949890.99, 1407.0
1477949891.04, 1407.0
1477949891.09, 1407.0
1477949891.14, 1407.0
1477949891.19, 1407.0
1477949891.24, 1407.0
1477949891.29, 1407.0
1477949891.34, 1407.0
1477949891.4, 1407.0
1477949891.45, 1407.0
1477949891.5, 1407.0
1477949891.55, 1407.0
1477949891.6, 1407.0
1477949891.65, 1408.0
1477949891.7, 1408.0
1477949891.75, 1408.0
1477949891.8, 1408.0
1477949891.85, 1408.0
1477949891.9, 1408.0
1477949891.95, 1408.0
1477949892.0, 1408.0
1477949892.05, 1408.0
1477949892.1, 1408.0
1477949892.15, 1408.0
1477949892.2, 1408.0
1477949892.25, 1408.0
1477949892.3, 1408.0
1477949892.35, 1408.0
1477949892.4, 1408.0
1477949892.45, 1408.0
1477949892.5, 1408.0
1477949892.55, 1408.0
1477949892.6, 1408.0
1477949892.65, 1408.0
1477949892.72, 1408.0
1477949892.77, 1408.0
1477949892.82, 1409.0
1477949892.87, 1409.0
1477949892.92, 1409.0
1477949892.97, 1409.0
1477949893.02, 1409.0
1477949893.07, 1409.0
1477949893.12, 1409.0
1477949893.17, 1409.0
1477949893.22, 1409.0
1477949893.27, 1409.0
1477949893.33, 1409.0
1477949893.38, 1409.0
1477949893.43, 1409.0
1477949893.48, 1409.0
1477949893.53, 1409.0
1477949893.58, 1409.0
1477949893.63, 1409.0
1477949893.68, 1409.0
1477949893.73, 1409.0
1477949893.78, 1409.0
1477949893.83, 1409.0
1477949893.88, 1409.0
1477949893.93, 1409.0
1477949893.98, 1410.0
1477949894.03, 1410.0
1477949894.08, 1410.0
1477949894.13, 1410.0
1477949894.18, 1410.0
1477949894.23, 1410.0
1477949894.28, 1410.0
1477949894.33, 1410.0
1477949894.38, 1410.0
1477949894.43, 1410.0
1477949894.48, 1410.0
1477949894.53, 1410.0
1477949894.58, 1410.0
1477949894.63, 1410.0
1477949894.68, 1410.0
1477949894.73, 1410.0
1477949894.78, 1410.0
1477949894.83, 1410.0
1477949894.88, 1410.0
1477949894.93, 1410.0
1477949894.98, 1411.0
1477949895.03, 1411.0
1477949895.08, 1411.0
1477949895.13, 1411.0
1477949895.18, 1411.0
1477949895.24, 1411.0
1477949895.29, 1411.0
1477949895.34, 1411.0
1477949895.39, 1411.0
1477949895.44, 1411.0
1477949895.49, 1411.0
1477949895.54, 1411.0
1477949895.59, 1411.0
1477949895.64, 1411.0
1477949895.69, 1411.0
1477949895.74, 1411.0
1477949895.79, 1411.0
1477949895.84, 1411.0
1477949895.89, 1411.0
1477949895.94, 1411.0
1477949895.99, 1412.0
1477949896.04, 1412.0
1477949896.09, 1412.0
1477949896.14, 1412.0
1477949896.19, 1412.0
1477949896.25, 1412.0
1477949896.3, 1412.0
1477949896.35, 1412.0
1477949896.4, 1413.0
1477949896.45, 1413.0
1477949896.5, 1413.0
1477949896.55, 1414.0
1477949896.6, 1414.0
1477949896.65, 1414.0
1477949896.7, 1414.0
1477949896.75, 1414.0
1477949896.8, 1414.0
1477949896.85, 1414.0
1477949896.9, 1414.0
1477949896.95, 1415.0
1477949897.0, 1415.0
1477949897.05, 1415.0
1477949897.1, 1415.0
1477949897.15, 1415.0
1477949897.2, 1415.0
1477949897.25, 1415.0
1477949897.3, 1415.0
1477949897.35, 1415.0
1477949897.4, 1415.0
1477949897.45, 1415.0
1477949897.5, 1415.0
1477949897.55, 1415.0
1477949897.6, 1415.0
1477949897.65, 1415.0
1477949897.7, 1415.0
1477949897.75, 1415.0
1477949897.8, 1415.0
1477949897.85, 1415.0
1477949897.91, 1415.0
1477949897.96, 1415.0
1477949898.01, 1415.0
1477949898.06, 1415.0
1477949898.11, 1415.0
1477949898.16, 1415.0
1477949898.21, 1415.0
1477949898.26, 1415.0
1477949898.31, 1415.0
1477949898.36, 1415.0
1477949898.41, 1415.0
1477949898.46, 1415.0
1477949898.51, 1415.0
1477949898.56, 1415.0
1477949898.61, 1415.0
1477949898.66, 1415.0
1477949898.71, 1415.0
1477949898.76, 1415.0
1477949898.81, 1415.0
1477949898.86, 1415.0
1477949898.91, 1415.0
1477949898.96, 1415.0
1477949899.01, 1415.0
1477949899.06, 1415.0
1477949899.11, 1415.0
1477949899.16, 1415.0
1477949899.21, 1415.0
1477949899.26, 1415.0
1477949899.31, 1416.0
1477949899.36, 1416.0
1477949899.41, 1416.0
1477949899.46, 1416.0
1477949899.51, 1416.0
1477949899.56, 1416.0
1477949899.61, 1416.0
1477949899.66, 1416.0
1477949899.71, 1416.0
1477949899.76, 1416.0
1477949899.81, 1416.0
1477949899.86, 1416.0
1477949899.91, 1416.0
1477949899.97, 1416.0
1477949900.02, 1416.0
1477949900.07, 1416.0
1477949900.12, 1416.0
1477949900.17, 1416.0
1477949900.22, 1416.0
1477949900.27, 1416.0
1477949900.32, 1416.0
1477949900.37, 1416.0
1477949900.42, 1416.0
1477949900.47, 1416.0
1477949900.52, 1416.0
1477949900.57, 1416.0
1477949900.62, 1416.0
1477949900.67, 1416.0
1477949900.72, 1416.0
1477949900.77, 1416.0
1477949900.82, 1416.0
1477949900.87, 1416.0
1477949900.92, 1416.0
1477949900.97, 1416.0
1477949901.02, 1416.0
1477949901.07, 1416.0
1477949901.12, 1416.0
1477949901.17, 1416.0
1477949901.22, 1416.0
1477949901.27, 1416.0
1477949901.32, 1416.0
1477949901.37, 1416.0
1477949901.42, 1416.0
1477949901.47, 1416.0
1477949901.52, 1416.0
1477949901.57, 1416.0
1477949901.62, 1417.0
1477949901.67, 1417.0
1477949901.72, 1417.0
1477949901.77, 1417.0
1477949901.83, 1417.0
1477949901.88, 1417.0
1477949901.93, 1417.0
1477949901.99, 1417.0
1477949902.04, 1417.0
1477949902.09, 1417.0
1477949902.14, 1417.0
1477949902.19, 1417.0
1477949902.24, 1417.0
1477949902.29, 1417.0
1477949902.34, 1417.0
1477949902.39, 1417.0
1477949902.44, 1417.0
1477949902.49, 1417.0
1477949902.54, 1417.0
1477949902.59, 1417.0
1477949902.64, 1417.0
1477949902.69, 1417.0
1477949902.74, 1417.0
1477949902.79, 1417.0
1477949902.84, 1417.0
1477949902.9, 1417.0
1477949902.95, 1417.0
1477949903.0, 1417.0
1477949903.05, 1417.0
1477949903.1, 1417.0
1477949903.15, 1417.0
1477949903.2, 1417.0
1477949903.25, 1417.0
1477949903.3, 1417.0
1477949903.35, 1417.0
1477949903.4, 1417.0
1477949903.45, 1417.0
1477949903.5, 1417.0
1477949903.55, 1417.0
1477949903.6, 1417.0
1477949903.65, 1417.0
1477949903.7, 1417.0
1477949903.75, 1417.0
1477949903.8, 1417.0
1477949903.85, 1417.0
1477949903.9, 1417.0
1477949903.95, 1418.0
1477949904.0, 1418.0
1477949904.05, 1418.0
1477949904.1, 1418.0
1477949904.16, 1418.0
1477949904.21, 1418.0
1477949904.26, 1418.0
1477949904.31, 1418.0
1477949904.36, 1418.0
1477949904.41, 1418.0
1477949904.46, 1418.0
1477949904.51, 1418.0
1477949904.56, 1418.0
1477949904.61, 1418.0
1477949904.66, 1419.0
1477949904.71, 1420.0
1477949904.76, 1420.0
1477949904.81, 1420.0
1477949904.86, 1421.0
1477949904.91, 1421.0
1477949904.96, 1421.0
1477949905.01, 1421.0
1477949905.06, 1421.0
1477949905.11, 1421.0
1477949905.16, 1421.0
1477949905.21, 1421.0
1477949905.26, 1421.0
1477949905.31, 1421.0
1477949905.36, 1421.0
1477949905.41, 1421.0
1477949905.46, 1421.0
1477949905.51, 1421.0
1477949905.56, 1421.0
1477949905.61, 1421.0
1477949905.66, 1421.0
1477949905.71, 1421.0
1477949905.76, 1421.0
1477949905.81, 1421.0
1477949905.86, 1421.0
1477949905.91, 1421.0
1477949905.96, 1421.0
1477949906.01, 1421.0
1477949906.06, 1421.0
1477949906.11, 1421.0
1477949906.16, 1421.0
1477949906.21, 1421.0
1477949906.27, 1421.0
1477949906.32, 1421.0
1477949906.37, 1421.0
1477949906.42, 1421.0
1477949906.47, 1421.0
1477949906.52, 1421.0
1477949906.57, 1421.0
1477949906.62, 1421.0
1477949906.67, 1421.0
1477949906.72, 1421.0
1477949906.77, 1421.0
1477949906.82, 1421.0
1477949906.87, 1422.0
1477949906.92, 1422.0
1477949906.97, 1422.0
1477949907.02, 1422.0
1477949907.07, 1422.0
1477949907.12, 1422.0
1477949907.17, 1422.0
1477949907.22, 1422.0
1477949907.27, 1422.0
1477949907.32, 1422.0
1477949907.37, 1422.0
1477949907.42, 1422.0
1477949907.47, 1422.0
1477949907.52, 1422.0
1477949907.57, 1422.0
1477949907.62, 1423.0
1477949907.67, 1423.0
1477949907.72, 1423.0
1477949907.77, 1423.0
1477949907.82, 1423.0
1477949907.87, 1423.0
1477949907.92, 1423.0
1477949907.97, 1423.0
1477949908.02, 1423.0
1477949908.07, 1423.0
1477949908.12, 1423.0
1477949908.18, 1423.0
1477949908.23, 1423.0
1477949908.28, 1423.0
1477949908.33, 1423.0
1477949908.38, 1423.0
1477949908.43, 1424.0
1477949908.48, 1424.0
1477949908.53, 1424.0
1477949908.58, 1424.0
1477949908.63, 1424.0
1477949908.68, 1424.0
1477949908.73, 1424.0
1477949908.78, 1424.0
1477949908.83, 1424.0
1477949908.88, 1424.0
1477949908.93, 1424.0
1477949908.98, 1424.0
1477949909.03, 1424.0
1477949909.08, 1425.0
1477949909.13, 1425.0
1477949909.18, 1425.0
1477949909.23, 1425.0
1477949909.28, 1425.0
1477949909.33, 1425.0
1477949909.38, 1425.0
1477949909.43, 1425.0
1477949909.48, 1425.0
1477949909.53, 1425.0
1477949909.58, 1425.0
1477949909.63, 1425.0
1477949909.68, 1425.0
1477949909.73, 1425.0
1477949909.78, 1425.0
1477949909.83, 1425.0
1477949909.88, 1425.0
1477949909.93, 1425.0
1477949909.98, 1425.0
1477949910.04, 1425.0
1477949910.09, 1426.0
1477949910.14, 1426.0
1477949910.19, 1426.0
1477949910.24, 1426.0
1477949910.29, 1426.0
1477949910.34, 1426.0
1477949910.39, 1426.0
1477949910.44, 1426.0
1477949910.49, 1426.0
1477949910.54, 1426.0
1477949910.59, 1426.0
1477949910.64, 1426.0
1477949910.69, 1426.0
1477949910.74, 1426.0
1477949910.79, 1426.0
1477949910.84, 1426.0
1477949910.89, 1426.0
