1477949879.24, 2420795.0
1477949879.38, 2447717.0
1477949879.53, 2473257.0
1477949879.65, 2495835.0
1477949879.8, 2522889.0
1477949879.95, 2549943.0
1477949880.06, 2574035.0
1477949880.18, 2596613.0
1477949880.3, 2617611.0
1477949880.43, 2643222.0
1477949880.55, 2664327.0
1477949880.67, 2679305.0
1477949880.77, 2694402.0
1477949880.86, 2697430.0
1477949880.93, 2700500.0
1477949880.98, 2700542.0
1477949881.03, 2702266.0
1477949881.08, 2703864.0
1477949881.13, 2703864.0
1477949881.18, 2706934.0
1477949881.23, 2708448.0
1477949881.28, 2712990.0
1477949881.33, 2713074.0
1477949881.38, 2717550.0
1477949881.43, 2717634.0
1477949881.48, 2720722.0
1477949881.53, 2720848.0
1477949881.58, 2723918.0
1477949881.63, 2723960.0
1477949881.69, 2727030.0
1477949881.74, 2727030.0
1477949881.79, 2730058.0
1477949881.84, 2733104.0
1477949881.89, 2733104.0
1477949881.94, 2739112.0
1477949881.99, 2739112.0
1477949882.04, 2742116.0
1477949882.09, 2742200.0
1477949882.14, 2743714.0
1477949882.19, 2743756.0
1477949882.24, 2743882.0
1477949882.29, 2743924.0
1477949882.34, 2744008.0
1477949882.39, 2744134.0
1477949882.44, 2744176.0
1477949882.49, 2744176.0
1477949882.54, 2744176.0
1477949882.59, 2744176.0
1477949882.64, 2744176.0
1477949882.69, 2744176.0
1477949882.74, 2744176.0
1477949882.8, 2744218.0
1477949882.85, 2744218.0
1477949882.9, 2744302.0
1477949882.95, 2744302.0
1477949883.0, 2744302.0
1477949883.05, 2744302.0
1477949883.1, 2744302.0
1477949883.15, 2744386.0
1477949883.2, 2744386.0
1477949883.25, 2745942.0
1477949883.3, 2745942.0
1477949883.35, 2745984.0
1477949883.4, 2750526.0
1477949883.45, 2750568.0
1477949883.5, 2752082.0
1477949883.55, 2752124.0
1477949883.6, 2752124.0
1477949883.65, 2753638.0
1477949883.7, 2753638.0
1477949883.75, 2755152.0
1477949883.8, 2755152.0
1477949883.85, 2755152.0
1477949883.9, 2755152.0
1477949883.95, 2755152.0
1477949884.0, 2755152.0
1477949884.05, 2755152.0
1477949884.1, 2755152.0
1477949884.15, 2755152.0
1477949884.2, 2755152.0
1477949884.25, 2755152.0
1477949884.3, 2755152.0
1477949884.35, 2755152.0
1477949884.4, 2755152.0
1477949884.46, 2755152.0
1477949884.51, 2755152.0
1477949884.56, 2755152.0
1477949884.61, 2755152.0
1477949884.66, 2755152.0
1477949884.71, 2755152.0
1477949884.76, 2755152.0
1477949884.81, 2755152.0
1477949884.86, 2755152.0
1477949884.91, 2756666.0
1477949884.96, 2756666.0
1477949885.01, 2756666.0
1477949885.06, 2756666.0
1477949885.11, 2756666.0
1477949885.16, 2756666.0
1477949885.21, 2756666.0
1477949885.26, 2756666.0
1477949885.31, 2756666.0
1477949885.36, 2756666.0
1477949885.41, 2756666.0
1477949885.46, 2756666.0
1477949885.51, 2756666.0
1477949885.56, 2756666.0
1477949885.61, 2756666.0
1477949885.66, 2756666.0
1477949885.71, 2756666.0
1477949885.76, 2756666.0
1477949885.81, 2756666.0
1477949885.86, 2756666.0
1477949885.91, 2756666.0
1477949885.96, 2756666.0
1477949886.01, 2756666.0
1477949886.06, 2756666.0
1477949886.11, 2756666.0
1477949886.16, 2756666.0
1477949886.22, 2756666.0
1477949886.27, 2756708.0
1477949886.32, 2756708.0
1477949886.37, 2756708.0
1477949886.42, 2756708.0
1477949886.47, 2756708.0
1477949886.52, 2756708.0
1477949886.57, 2756708.0
1477949886.62, 2756708.0
1477949886.67, 2756708.0
1477949886.72, 2756750.0
1477949886.77, 2756750.0
1477949886.82, 2756750.0
1477949886.87, 2756792.0
1477949886.92, 2756792.0
1477949886.97, 2756792.0
1477949887.02, 2756792.0
1477949887.07, 2756792.0
1477949887.12, 2756792.0
1477949887.17, 2756792.0
1477949887.22, 2756792.0
1477949887.27, 2756792.0
1477949887.33, 2756792.0
1477949887.38, 2756792.0
1477949887.43, 2756834.0
1477949887.48, 2756834.0
1477949887.53, 2756834.0
1477949887.58, 2756834.0
1477949887.63, 2756834.0
1477949887.68, 2756834.0
1477949887.73, 2756876.0
1477949887.78, 2756876.0
1477949887.83, 2756876.0
1477949887.88, 2756876.0
1477949887.93, 2756876.0
1477949887.98, 2756876.0
1477949888.03, 2756876.0
1477949888.08, 2756876.0
1477949888.13, 2758390.0
1477949888.18, 2758390.0
1477949888.23, 2758390.0
1477949888.28, 2758390.0
1477949888.33, 2758390.0
1477949888.38, 2758390.0
1477949888.43, 2758390.0
1477949888.48, 2758390.0
1477949888.53, 2758390.0
1477949888.58, 2758390.0
1477949888.63, 2758390.0
1477949888.68, 2758390.0
1477949888.73, 2758390.0
1477949888.78, 2758390.0
1477949888.83, 2758390.0
1477949888.88, 2758390.0
1477949888.93, 2758390.0
1477949888.98, 2758390.0
1477949889.03, 2758390.0
1477949889.08, 2758390.0
1477949889.13, 2758390.0
1477949889.18, 2758390.0
1477949889.23, 2758390.0
1477949889.28, 2759904.0
1477949889.33, 2759904.0
1477949889.38, 2759904.0
1477949889.44, 2759904.0
1477949889.49, 2759904.0
1477949889.54, 2759904.0
1477949889.59, 2759904.0
1477949889.64, 2759904.0
1477949889.69, 2759904.0
1477949889.74, 2759904.0
1477949889.79, 2759904.0
1477949889.84, 2759904.0
1477949889.89, 2759904.0
1477949889.94, 2759904.0
1477949889.99, 2759904.0
1477949890.04, 2759904.0
1477949890.09, 2759904.0
1477949890.14, 2759904.0
1477949890.19, 2759904.0
1477949890.24, 2759904.0
1477949890.29, 2759904.0
1477949890.34, 2759904.0
1477949890.39, 2759904.0
1477949890.44, 2759904.0
1477949890.49, 2761418.0
1477949890.54, 2761418.0
1477949890.59, 2761418.0
1477949890.64, 2761418.0
1477949890.69, 2761418.0
1477949890.74, 2761418.0
1477949890.79, 2761418.0
1477949890.84, 2761418.0
1477949890.89, 2761418.0
1477949890.94, 2761418.0
1477949890.99, 2761418.0
1477949891.04, 2761418.0
1477949891.09, 2761418.0
1477949891.14, 2761418.0
1477949891.19, 2761418.0
1477949891.24, 2761418.0
1477949891.29, 2761418.0
1477949891.34, 2761418.0
1477949891.4, 2761418.0
1477949891.45, 2761418.0
1477949891.5, 2761418.0
1477949891.55, 2761418.0
1477949891.6, 2761418.0
1477949891.65, 2762932.0
1477949891.7, 2762932.0
1477949891.75, 2762932.0
1477949891.8, 2762932.0
1477949891.85, 2762932.0
1477949891.9, 2762932.0
1477949891.95, 2762932.0
1477949892.0, 2762932.0
1477949892.05, 2762932.0
1477949892.1, 2762932.0
1477949892.15, 2762932.0
1477949892.2, 2762932.0
1477949892.25, 2762932.0
1477949892.3, 2762932.0
1477949892.35, 2762932.0
1477949892.4, 2762932.0
1477949892.45, 2762932.0
1477949892.5, 2762932.0
1477949892.55, 2762932.0
1477949892.6, 2762932.0
1477949892.65, 2762932.0
1477949892.72, 2762932.0
1477949892.77, 2762932.0
1477949892.82, 2764446.0
1477949892.87, 2764446.0
1477949892.92, 2764446.0
1477949892.97, 2764446.0
1477949893.02, 2764446.0
1477949893.07, 2764446.0
1477949893.12, 2764446.0
1477949893.17, 2764446.0
1477949893.22, 2764446.0
1477949893.27, 2764446.0
1477949893.33, 2764446.0
1477949893.38, 2764446.0
1477949893.43, 2764446.0
1477949893.48, 2764446.0
1477949893.53, 2764446.0
1477949893.58, 2764446.0
1477949893.63, 2764446.0
1477949893.68, 2764446.0
1477949893.73, 2764446.0
1477949893.78, 2764446.0
1477949893.83, 2764446.0
1477949893.88, 2764446.0
1477949893.93, 2764446.0
1477949893.98, 2765960.0
1477949894.03, 2765960.0
1477949894.08, 2765960.0
1477949894.13, 2765960.0
1477949894.18, 2765960.0
1477949894.23, 2765960.0
1477949894.28, 2765960.0
1477949894.33, 2765960.0
1477949894.38, 2765960.0
1477949894.43, 2765960.0
1477949894.48, 2765960.0
1477949894.53, 2765960.0
1477949894.58, 2765960.0
1477949894.63, 2765960.0
1477949894.68, 2765960.0
1477949894.73, 2765960.0
1477949894.78, 2765960.0
1477949894.83, 2765960.0
1477949894.88, 2765960.0
1477949894.93, 2765960.0
1477949894.98, 2767474.0
1477949895.03, 2767474.0
1477949895.08, 2767474.0
1477949895.13, 2767474.0
1477949895.18, 2767474.0
1477949895.24, 2767474.0
1477949895.29, 2767474.0
1477949895.34, 2767474.0
1477949895.39, 2767474.0
1477949895.44, 2767474.0
1477949895.49, 2767474.0
1477949895.54, 2767474.0
1477949895.59, 2767474.0
1477949895.64, 2767474.0
1477949895.69, 2767474.0
1477949895.74, 2767474.0
1477949895.79, 2767474.0
1477949895.84, 2767474.0
1477949895.89, 2767474.0
1477949895.94, 2767474.0
1477949895.99, 2768988.0
1477949896.04, 2768988.0
1477949896.09, 2768988.0
1477949896.14, 2768988.0
1477949896.19, 2768988.0
1477949896.25, 2768988.0
1477949896.3, 2768988.0
1477949896.35, 2768988.0
1477949896.4, 2769191.0
1477949896.45, 2769191.0
1477949896.5, 2769191.0
1477949896.55, 2769394.0
1477949896.6, 2769394.0
1477949896.65, 2769394.0
1477949896.7, 2769394.0
1477949896.75, 2769394.0
1477949896.8, 2769394.0
1477949896.85, 2769394.0
1477949896.9, 2769394.0
1477949896.95, 2770908.0
1477949897.0, 2770908.0
1477949897.05, 2770908.0
1477949897.1, 2770908.0
1477949897.15, 2770908.0
1477949897.2, 2770908.0
1477949897.25, 2770908.0
1477949897.3, 2770908.0
1477949897.35, 2770908.0
1477949897.4, 2770908.0
1477949897.45, 2770908.0
1477949897.5, 2770908.0
1477949897.55, 2770908.0
1477949897.6, 2770908.0
1477949897.65, 2770908.0
1477949897.7, 2770908.0
1477949897.75, 2770908.0
1477949897.8, 2770908.0
1477949897.85, 2770908.0
1477949897.91, 2770908.0
1477949897.96, 2770908.0
1477949898.01, 2770908.0
1477949898.06, 2770908.0
1477949898.11, 2770908.0
1477949898.16, 2770908.0
1477949898.21, 2770908.0
1477949898.26, 2770908.0
1477949898.31, 2770908.0
1477949898.36, 2770908.0
1477949898.41, 2770908.0
1477949898.46, 2770908.0
1477949898.51, 2770908.0
1477949898.56, 2770908.0
1477949898.61, 2770908.0
1477949898.66, 2770908.0
1477949898.71, 2770908.0
1477949898.76, 2770908.0
1477949898.81, 2770908.0
1477949898.86, 2770908.0
1477949898.91, 2770908.0
1477949898.96, 2770908.0
1477949899.01, 2770908.0
1477949899.06, 2770908.0
1477949899.11, 2770908.0
1477949899.16, 2770908.0
1477949899.21, 2770908.0
1477949899.26, 2770908.0
1477949899.31, 2772422.0
1477949899.36, 2772422.0
1477949899.41, 2772422.0
1477949899.46, 2772422.0
1477949899.51, 2772422.0
1477949899.56, 2772422.0
1477949899.61, 2772422.0
1477949899.66, 2772422.0
1477949899.71, 2772422.0
1477949899.76, 2772422.0
1477949899.81, 2772422.0
1477949899.86, 2772422.0
1477949899.91, 2772422.0
1477949899.97, 2772422.0
1477949900.02, 2772422.0
1477949900.07, 2772422.0
1477949900.12, 2772422.0
1477949900.17, 2772422.0
1477949900.22, 2772422.0
1477949900.27, 2772422.0
1477949900.32, 2772422.0
1477949900.37, 2772422.0
1477949900.42, 2772422.0
1477949900.47, 2772422.0
1477949900.52, 2772422.0
1477949900.57, 2772422.0
1477949900.62, 2772422.0
1477949900.67, 2772422.0
1477949900.72, 2772422.0
1477949900.77, 2772422.0
1477949900.82, 2772422.0
1477949900.87, 2772422.0
1477949900.92, 2772422.0
1477949900.97, 2772422.0
1477949901.02, 2772422.0
1477949901.07, 2772422.0
1477949901.12, 2772422.0
1477949901.17, 2772422.0
1477949901.22, 2772422.0
1477949901.27, 2772422.0
1477949901.32, 2772422.0
1477949901.37, 2772422.0
1477949901.42, 2772422.0
1477949901.47, 2772422.0
1477949901.52, 2772422.0
1477949901.57, 2772422.0
1477949901.62, 2773936.0
1477949901.67, 2773936.0
1477949901.72, 2773936.0
1477949901.77, 2773936.0
1477949901.83, 2773936.0
1477949901.88, 2773936.0
1477949901.93, 2773936.0
1477949901.99, 2773936.0
1477949902.04, 2773936.0
1477949902.09, 2773936.0
1477949902.14, 2773936.0
1477949902.19, 2773936.0
1477949902.24, 2773936.0
1477949902.29, 2773936.0
1477949902.34, 2773936.0
1477949902.39, 2773936.0
1477949902.44, 2773936.0
1477949902.49, 2773936.0
1477949902.54, 2773936.0
1477949902.59, 2773936.0
1477949902.64, 2773936.0
1477949902.69, 2773936.0
1477949902.74, 2773936.0
1477949902.79, 2773936.0
1477949902.84, 2773936.0
1477949902.9, 2773936.0
1477949902.95, 2773936.0
1477949903.0, 2773936.0
1477949903.05, 2773936.0
1477949903.1, 2773936.0
1477949903.15, 2773936.0
1477949903.2, 2773936.0
1477949903.25, 2773936.0
1477949903.3, 2773936.0
1477949903.35, 2773936.0
1477949903.4, 2773936.0
1477949903.45, 2773936.0
1477949903.5, 2773936.0
1477949903.55, 2773936.0
1477949903.6, 2773936.0
1477949903.65, 2773936.0
1477949903.7, 2773936.0
1477949903.75, 2773936.0
1477949903.8, 2773936.0
1477949903.85, 2773936.0
1477949903.9, 2773936.0
1477949903.95, 2775450.0
1477949904.0, 2775450.0
1477949904.05, 2775450.0
1477949904.1, 2775450.0
1477949904.16, 2775450.0
1477949904.21, 2775450.0
1477949904.26, 2775450.0
1477949904.31, 2775450.0
1477949904.36, 2775450.0
1477949904.41, 2775450.0
1477949904.46, 2775450.0
1477949904.51, 2775450.0
1477949904.56, 2775450.0
1477949904.61, 2775450.0
1477949904.66, 2775653.0
1477949904.71, 2777167.0
1477949904.76, 2777167.0
1477949904.81, 2777167.0
1477949904.86, 2778681.0
1477949904.91, 2778681.0
1477949904.96, 2778681.0
1477949905.01, 2778681.0
1477949905.06, 2778681.0
1477949905.11, 2778681.0
1477949905.16, 2778681.0
1477949905.21, 2778681.0
1477949905.26, 2778681.0
1477949905.31, 2778681.0
1477949905.36, 2778681.0
1477949905.41, 2778681.0
1477949905.46, 2778681.0
1477949905.51, 2778681.0
1477949905.56, 2778681.0
1477949905.61, 2778681.0
1477949905.66, 2778681.0
1477949905.71, 2778681.0
1477949905.76, 2778681.0
1477949905.81, 2778681.0
1477949905.86, 2778681.0
1477949905.91, 2778681.0
1477949905.96, 2778681.0
1477949906.01, 2778681.0
1477949906.06, 2778681.0
1477949906.11, 2778681.0
1477949906.16, 2778681.0
1477949906.21, 2778681.0
1477949906.27, 2778681.0
1477949906.32, 2778681.0
1477949906.37, 2778681.0
1477949906.42, 2778681.0
1477949906.47, 2778681.0
1477949906.52, 2778681.0
1477949906.57, 2778681.0
1477949906.62, 2778681.0
1477949906.67, 2778681.0
1477949906.72, 2778681.0
1477949906.77, 2778681.0
1477949906.82, 2778681.0
1477949906.87, 2780195.0
1477949906.92, 2780195.0
1477949906.97, 2780195.0
1477949907.02, 2780195.0
1477949907.07, 2780195.0
1477949907.12, 2780195.0
1477949907.17, 2780195.0
1477949907.22, 2780195.0
1477949907.27, 2780195.0
1477949907.32, 2780195.0
1477949907.37, 2780195.0
1477949907.42, 2780195.0
1477949907.47, 2780195.0
1477949907.52, 2780195.0
1477949907.57, 2780195.0
1477949907.62, 2781709.0
1477949907.67, 2781709.0
1477949907.72, 2781709.0
1477949907.77, 2781709.0
1477949907.82, 2781709.0
1477949907.87, 2781709.0
1477949907.92, 2781709.0
1477949907.97, 2781709.0
1477949908.02, 2781709.0
1477949908.07, 2781709.0
1477949908.12, 2781709.0
1477949908.18, 2781709.0
1477949908.23, 2781709.0
1477949908.28, 2781709.0
1477949908.33, 2781709.0
1477949908.38, 2781709.0
1477949908.43, 2783223.0
1477949908.48, 2783223.0
1477949908.53, 2783223.0
1477949908.58, 2783223.0
1477949908.63, 2783223.0
1477949908.68, 2783223.0
1477949908.73, 2783223.0
1477949908.78, 2783223.0
1477949908.83, 2783223.0
1477949908.88, 2783223.0
1477949908.93, 2783223.0
1477949908.98, 2783223.0
1477949909.03, 2783223.0
1477949909.08, 2784737.0
1477949909.13, 2784737.0
1477949909.18, 2784737.0
1477949909.23, 2784737.0
1477949909.28, 2784737.0
1477949909.33, 2784737.0
1477949909.38, 2784737.0
1477949909.43, 2784737.0
1477949909.48, 2784737.0
1477949909.53, 2784737.0
1477949909.58, 2784737.0
1477949909.63, 2784737.0
1477949909.68, 2784737.0
1477949909.73, 2784737.0
1477949909.78, 2784737.0
1477949909.83, 2784737.0
1477949909.88, 2784737.0
1477949909.93, 2784737.0
1477949909.98, 2784737.0
1477949910.04, 2784737.0
1477949910.09, 2784779.0
1477949910.14, 2784779.0
1477949910.19, 2784779.0
1477949910.24, 2784779.0
1477949910.29, 2784779.0
1477949910.34, 2784779.0
1477949910.39, 2784779.0
1477949910.44, 2784779.0
1477949910.49, 2784779.0
1477949910.54, 2784779.0
1477949910.59, 2784779.0
1477949910.64, 2784779.0
1477949910.69, 2784779.0
1477949910.74, 2784779.0
1477949910.79, 2784779.0
1477949910.84, 2784779.0
1477949910.89, 2784779.0
