1477949879.24, 24384.0
1477949879.38, 24384.0
1477949879.53, 24384.0
1477949879.65, 24384.0
1477949879.8, 24384.0
1477949879.95, 24384.0
1477949880.06, 24384.0
1477949880.18, 24384.0
1477949880.3, 24384.0
1477949880.43, 24384.0
1477949880.55, 24755.0
1477949880.67, 30851.0
1477949880.77, 35584.0
1477949880.86, 48922.0
1477949880.93, 57856.0
1477949880.98, 66790.0
1477949881.03, 75892.0
1477949881.08, 83386.0
1477949881.13, 92278.0
1477949881.18, 99730.0
1477949881.23, 107140.0
1477949881.28, 111586.0
1477949881.33, 122044.0
1477949881.38, 127972.0
1477949881.43, 135466.0
1477949881.48, 141520.0
1477949881.53, 152020.0
1477949881.58, 157990.0
1477949881.63, 166924.0
1477949881.69, 174376.0
1477949881.74, 183268.0
1477949881.79, 190678.0
1477949881.84, 196690.0
1477949881.89, 205582.0
1477949881.94, 210112.0
1477949881.99, 219004.0
1477949882.04, 224974.0
1477949882.09, 235432.0
1477949882.14, 242842.0
1477949882.19, 251776.0
1477949882.24, 260794.0
1477949882.29, 271210.0
1477949882.34, 280186.0
1477949882.39, 289204.0
1477949882.44, 299620.0
1477949882.49, 308512.0
1477949882.54, 318886.0
1477949882.59, 327778.0
1477949882.64, 336670.0
1477949882.69, 347044.0
1477949882.74, 355936.0
1477949882.8, 364870.0
1477949882.85, 375244.0
1477949882.9, 384220.0
1477949882.95, 394594.0
1477949883.0, 403486.0
1477949883.05, 412378.0
1477949883.1, 422752.0
1477949883.15, 431728.0
1477949883.2, 440620.0
1477949883.25, 449554.0
1477949883.3, 458446.0
1477949883.35, 467380.0
1477949883.4, 473308.0
1477949883.45, 482242.0
1477949883.5, 489652.0
1477949883.55, 498586.0
1477949883.6, 508960.0
1477949883.65, 516370.0
1477949883.7, 526744.0
1477949883.75, 534154.0
1477949883.8, 543046.0
1477949883.85, 553420.0
1477949883.9, 562312.0
1477949883.95, 571204.0
1477949884.0, 581578.0
1477949884.05, 590470.0
1477949884.1, 599362.0
1477949884.15, 609736.0
1477949884.2, 618628.0
1477949884.25, 629002.0
1477949884.3, 637894.0
1477949884.35, 646786.0
1477949884.4, 657160.0
1477949884.46, 666052.0
1477949884.51, 674944.0
1477949884.56, 685318.0
1477949884.61, 694210.0
1477949884.66, 704584.0
1477949884.71, 713476.0
1477949884.76, 722368.0
1477949884.81, 732742.0
1477949884.86, 741634.0
1477949884.91, 749044.0
1477949884.96, 759418.0
1477949885.01, 768310.0
1477949885.06, 777202.0
1477949885.11, 787576.0
1477949885.16, 796468.0
1477949885.21, 805360.0
1477949885.26, 815734.0
1477949885.31, 824626.0
1477949885.36, 835000.0
1477949885.41, 843892.0
1477949885.46, 852784.0
1477949885.51, 863158.0
1477949885.56, 872050.0
1477949885.61, 880942.0
1477949885.66, 891316.0
1477949885.71, 900208.0
1477949885.76, 909100.0
1477949885.81, 919474.0
1477949885.86, 928366.0
1477949885.91, 937258.0
1477949885.96, 947632.0
1477949886.01, 956524.0
1477949886.06, 966898.0
1477949886.11, 975790.0
1477949886.16, 984682.0
1477949886.22, 995056.0
1477949886.27, 1005472.0
1477949886.32, 1014364.0
1477949886.37, 1023256.0
1477949886.42, 1033630.0
1477949886.47, 1042522.0
1477949886.52, 1051414.0
1477949886.57, 1061788.0
1477949886.62, 1070680.0
1477949886.67, 1079572.0
1477949886.72, 1089988.0
1477949886.77, 1098880.0
1477949886.82, 1107772.0
1477949886.87, 1118188.0
1477949886.92, 1127080.0
1477949886.97, 1135972.0
1477949887.02, 1146346.0
1477949887.07, 1155238.0
1477949887.12, 1165612.0
1477949887.17, 1174504.0
1477949887.22, 1183396.0
1477949887.27, 1193770.0
1477949887.33, 1202662.0
1477949887.38, 1211554.0
1477949887.43, 1221970.0
1477949887.48, 1230862.0
1477949887.53, 1239754.0
1477949887.58, 1250128.0
1477949887.63, 1259020.0
1477949887.68, 1267912.0
1477949887.73, 1278286.0
1477949887.78, 1287178.0
1477949887.83, 1297552.0
1477949887.88, 1306444.0
1477949887.93, 1315336.0
1477949887.98, 1325710.0
1477949888.03, 1334602.0
1477949888.08, 1343494.0
1477949888.13, 1352386.0
1477949888.18, 1361278.0
1477949888.23, 1370170.0
1477949888.28, 1380544.0
1477949888.33, 1389436.0
1477949888.38, 1398328.0
1477949888.43, 1408702.0
1477949888.48, 1417594.0
1477949888.53, 1426486.0
1477949888.58, 1436860.0
1477949888.63, 1445752.0
1477949888.68, 1456126.0
1477949888.73, 1465018.0
1477949888.78, 1473910.0
1477949888.83, 1484284.0
1477949888.88, 1493176.0
1477949888.93, 1502068.0
1477949888.98, 1512442.0
1477949889.03, 1521334.0
1477949889.08, 1530226.0
1477949889.13, 1540600.0
1477949889.18, 1549492.0
1477949889.23, 1558384.0
1477949889.28, 1567276.0
1477949889.33, 1576168.0
1477949889.38, 1586542.0
1477949889.44, 1595434.0
1477949889.49, 1604326.0
1477949889.54, 1614700.0
1477949889.59, 1623592.0
1477949889.64, 1632484.0
1477949889.69, 1642858.0
1477949889.74, 1651750.0
1477949889.79, 1660642.0
1477949889.84, 1671016.0
1477949889.89, 1679908.0
1477949889.94, 1690282.0
1477949889.99, 1699174.0
1477949890.04, 1708066.0
1477949890.09, 1718440.0
1477949890.14, 1727332.0
1477949890.19, 1736224.0
1477949890.24, 1746598.0
1477949890.29, 1755490.0
1477949890.34, 1764382.0
1477949890.39, 1774756.0
1477949890.44, 1783648.0
1477949890.49, 1791058.0
1477949890.54, 1801432.0
1477949890.59, 1810324.0
1477949890.64, 1819216.0
1477949890.69, 1829590.0
1477949890.74, 1838482.0
1477949890.79, 1848856.0
1477949890.84, 1857748.0
1477949890.89, 1866640.0
1477949890.94, 1877014.0
1477949890.99, 1885906.0
1477949891.04, 1894798.0
1477949891.09, 1905172.0
1477949891.14, 1914064.0
1477949891.19, 1922956.0
1477949891.24, 1933330.0
1477949891.29, 1942222.0
1477949891.34, 1952596.0
1477949891.4, 1961488.0
1477949891.45, 1970380.0
1477949891.5, 1980754.0
1477949891.55, 1989646.0
1477949891.6, 1998538.0
1477949891.65, 2007430.0
1477949891.7, 2016322.0
1477949891.75, 2025214.0
1477949891.8, 2035588.0
1477949891.85, 2044480.0
1477949891.9, 2053372.0
1477949891.95, 2063746.0
1477949892.0, 2072638.0
1477949892.05, 2081530.0
1477949892.1, 2091904.0
1477949892.15, 2100796.0
1477949892.2, 2109688.0
1477949892.25, 2120062.0
1477949892.3, 2128954.0
1477949892.35, 2139328.0
1477949892.4, 2148220.0
1477949892.45, 2157112.0
1477949892.5, 2167486.0
1477949892.55, 2176378.0
1477949892.6, 2185270.0
1477949892.65, 2195644.0
1477949892.72, 2207500.0
1477949892.77, 2217874.0
1477949892.82, 2225284.0
1477949892.87, 2234176.0
1477949892.92, 2244550.0
1477949892.97, 2254924.0
1477949893.02, 2263816.0
1477949893.07, 2272708.0
1477949893.12, 2283082.0
1477949893.17, 2291974.0
1477949893.22, 2300866.0
1477949893.27, 2311240.0
1477949893.33, 2320132.0
1477949893.38, 2329024.0
1477949893.43, 2339398.0
1477949893.48, 2348290.0
1477949893.53, 2358664.0
1477949893.58, 2367556.0
1477949893.63, 2376448.0
1477949893.68, 2386822.0
1477949893.73, 2395714.0
1477949893.78, 2404809.0
1477949893.83, 2415183.0
1477949893.88, 2424075.0
1477949893.93, 2434449.0
1477949893.98, 2441859.0
1477949894.03, 2450751.0
1477949894.08, 2461125.0
1477949894.13, 2470017.0
1477949894.18, 2478909.0
1477949894.23, 2489283.0
1477949894.28, 2498175.0
1477949894.33, 2507067.0
1477949894.38, 2517441.0
1477949894.43, 2526333.0
1477949894.48, 2535225.0
1477949894.53, 2545599.0
1477949894.58, 2554491.0
1477949894.63, 2563383.0
1477949894.68, 2573757.0
1477949894.73, 2582649.0
1477949894.78, 2591541.0
1477949894.83, 2601915.0
1477949894.88, 2610807.0
1477949894.93, 2621181.0
1477949894.98, 2628591.0
1477949895.03, 2637483.0
1477949895.08, 2647857.0
1477949895.13, 2656749.0
1477949895.18, 2665641.0
1477949895.24, 2676015.0
1477949895.29, 2684907.0
1477949895.34, 2693799.0
1477949895.39, 2704173.0
1477949895.44, 2713065.0
1477949895.49, 2721957.0
1477949895.54, 2732331.0
1477949895.59, 2741223.0
1477949895.64, 2751597.0
1477949895.69, 2760489.0
1477949895.74, 2770863.0
1477949895.79, 2779755.0
1477949895.84, 2788647.0
1477949895.89, 2799021.0
1477949895.94, 2807913.0
1477949895.99, 2815323.0
1477949896.04, 2825697.0
1477949896.09, 2834589.0
1477949896.14, 2844963.0
1477949896.19, 2853855.0
1477949896.25, 2862747.0
1477949896.3, 2873121.0
1477949896.35, 2882013.0
1477949896.4, 2892387.0
1477949896.45, 2901279.0
1477949896.5, 2910171.0
1477949896.55, 2920748.0
1477949896.6, 2929640.0
1477949896.65, 2938532.0
1477949896.7, 2948906.0
1477949896.75, 2957798.0
1477949896.8, 2966690.0
1477949896.85, 2977064.0
1477949896.9, 2985956.0
1477949896.95, 2993366.0
1477949897.0, 3003740.0
1477949897.05, 3012632.0
1477949897.1, 3021524.0
1477949897.15, 3031898.0
1477949897.2, 3040790.0
1477949897.25, 3051164.0
1477949897.3, 3060056.0
1477949897.35, 3068948.0
1477949897.4, 3079322.0
1477949897.45, 3088214.0
1477949897.5, 3097106.0
1477949897.55, 3107480.0
1477949897.6, 3116372.0
1477949897.65, 3126746.0
1477949897.7, 3135638.0
1477949897.75, 3144530.0
1477949897.8, 3154904.0
1477949897.85, 3163796.0
1477949897.91, 3172688.0
1477949897.96, 3183062.0
1477949898.01, 3191954.0
1477949898.06, 3200846.0
1477949898.11, 3211220.0
1477949898.16, 3220112.0
1477949898.21, 3229004.0
1477949898.26, 3239378.0
1477949898.31, 3248270.0
1477949898.36, 3258644.0
1477949898.41, 3267536.0
1477949898.46, 3276428.0
1477949898.51, 3286802.0
1477949898.56, 3295694.0
1477949898.61, 3304586.0
1477949898.66, 3314960.0
1477949898.71, 3323852.0
1477949898.76, 3332744.0
1477949898.81, 3343118.0
1477949898.86, 3352010.0
1477949898.91, 3360902.0
1477949898.96, 3371276.0
1477949899.01, 3380168.0
1477949899.06, 3390542.0
1477949899.11, 3399434.0
1477949899.16, 3408326.0
1477949899.21, 3418700.0
1477949899.26, 3427592.0
1477949899.31, 3435002.0
1477949899.36, 3445376.0
1477949899.41, 3454268.0
1477949899.46, 3463160.0
1477949899.51, 3473534.0
1477949899.56, 3482426.0
1477949899.61, 3491318.0
1477949899.66, 3501692.0
1477949899.71, 3510584.0
1477949899.76, 3519476.0
1477949899.81, 3529850.0
1477949899.86, 3538742.0
1477949899.91, 3549116.0
1477949899.97, 3558008.0
1477949900.02, 3566900.0
1477949900.07, 3577274.0
1477949900.12, 3586166.0
1477949900.17, 3595058.0
1477949900.22, 3605432.0
1477949900.27, 3614324.0
1477949900.32, 3623216.0
1477949900.37, 3633590.0
1477949900.42, 3642482.0
1477949900.47, 3651374.0
1477949900.52, 3661748.0
1477949900.57, 3670640.0
1477949900.62, 3681014.0
1477949900.67, 3689906.0
1477949900.72, 3698798.0
1477949900.77, 3709172.0
1477949900.82, 3718064.0
1477949900.87, 3726956.0
1477949900.92, 3737330.0
1477949900.97, 3746222.0
1477949901.02, 3756596.0
1477949901.07, 3765488.0
1477949901.12, 3774380.0
1477949901.17, 3784754.0
1477949901.22, 3793646.0
1477949901.27, 3802538.0
1477949901.32, 3812912.0
1477949901.37, 3821804.0
1477949901.42, 3830696.0
1477949901.47, 3841070.0
1477949901.52, 3849962.0
1477949901.57, 3858854.0
1477949901.62, 3867746.0
1477949901.67, 3876638.0
1477949901.72, 3885530.0
1477949901.77, 3895904.0
1477949901.83, 3904796.0
1477949901.88, 3915170.0
1477949901.93, 3924062.0
1477949901.99, 3935918.0
1477949902.04, 3944810.0
1477949902.09, 3955184.0
1477949902.14, 3964076.0
1477949902.19, 3972968.0
1477949902.24, 3983342.0
1477949902.29, 3992234.0
1477949902.34, 4001126.0
1477949902.39, 4011500.0
1477949902.44, 4020392.0
1477949902.49, 4029284.0
1477949902.54, 4039658.0
1477949902.59, 4048550.0
1477949902.64, 4058924.0
1477949902.69, 4067816.0
1477949902.74, 4076708.0
1477949902.79, 4087082.0
1477949902.84, 4095974.0
1477949902.9, 4106348.0
1477949902.95, 4115240.0
1477949903.0, 4124132.0
1477949903.05, 4134506.0
1477949903.1, 4143398.0
1477949903.15, 4152290.0
1477949903.2, 4162664.0
1477949903.25, 4171556.0
1477949903.3, 4181930.0
1477949903.35, 4190822.0
1477949903.4, 4199714.0
1477949903.45, 4210088.0
1477949903.5, 4218980.0
1477949903.55, 4229354.0
1477949903.6, 4238246.0
1477949903.65, 4247138.0
1477949903.7, 4257512.0
1477949903.75, 4266404.0
1477949903.8, 4275296.0
1477949903.85, 4285670.0
1477949903.9, 4294562.0
1477949903.95, 4301972.0
1477949904.0, 4312346.0
1477949904.05, 4321238.0
1477949904.1, 4331612.0
1477949904.16, 4340504.0
1477949904.21, 4349396.0
1477949904.26, 4359770.0
1477949904.31, 4368662.0
1477949904.36, 4377554.0
1477949904.41, 4387928.0
1477949904.46, 4396820.0
1477949904.51, 4407194.0
1477949904.56, 4416086.0
1477949904.61, 4424978.0
1477949904.66, 4434073.0
1477949904.71, 4442965.0
1477949904.76, 4451857.0
1477949904.81, 4460749.0
1477949904.86, 4469641.0
1477949904.91, 4478533.0
1477949904.96, 4487425.0
1477949905.01, 4497799.0
1477949905.06, 4506691.0
1477949905.11, 4515583.0
1477949905.16, 4525957.0
1477949905.21, 4534849.0
1477949905.26, 4545223.0
1477949905.31, 4554115.0
1477949905.36, 4563007.0
1477949905.41, 4573381.0
1477949905.46, 4582273.0
1477949905.51, 4591165.0
1477949905.56, 4601539.0
1477949905.61, 4610431.0
1477949905.66, 4619323.0
1477949905.71, 4629697.0
1477949905.76, 4638589.0
1477949905.81, 4647481.0
1477949905.86, 4657855.0
1477949905.91, 4666747.0
1477949905.96, 4675639.0
1477949906.01, 4686013.0
1477949906.06, 4694905.0
1477949906.11, 4703797.0
1477949906.16, 4714171.0
1477949906.21, 4723063.0
1477949906.27, 4733437.0
1477949906.32, 4742329.0
1477949906.37, 4752703.0
1477949906.42, 4761595.0
1477949906.47, 4770487.0
1477949906.52, 4780861.0
1477949906.57, 4789753.0
1477949906.62, 4798645.0
1477949906.67, 4809019.0
1477949906.72, 4817911.0
1477949906.77, 4828285.0
1477949906.82, 4837177.0
1477949906.87, 4844587.0
1477949906.92, 4854961.0
1477949906.97, 4863853.0
1477949907.02, 4872745.0
1477949907.07, 4883119.0
1477949907.12, 4892011.0
1477949907.17, 4900903.0
1477949907.22, 4911277.0
1477949907.27, 4920169.0
1477949907.32, 4929061.0
1477949907.37, 4939435.0
1477949907.42, 4948327.0
1477949907.47, 4957219.0
1477949907.52, 4967593.0
1477949907.57, 4976485.0
1477949907.62, 4983895.0
1477949907.67, 4994269.0
1477949907.72, 5003161.0
1477949907.77, 5012053.0
1477949907.82, 5022427.0
1477949907.87, 5031319.0
1477949907.92, 5041693.0
1477949907.97, 5050585.0
1477949908.02, 5059477.0
1477949908.07, 5069851.0
1477949908.12, 5078743.0
1477949908.18, 5087635.0
1477949908.23, 5098009.0
1477949908.28, 5106901.0
1477949908.33, 5115793.0
1477949908.38, 5126167.0
1477949908.43, 5133577.0
1477949908.48, 5142469.0
1477949908.53, 5152843.0
1477949908.58, 5161735.0
1477949908.63, 5172109.0
1477949908.68, 5181001.0
1477949908.73, 5189893.0
1477949908.78, 5200267.0
1477949908.83, 5209159.0
1477949908.88, 5218051.0
1477949908.93, 5228425.0
1477949908.98, 5237317.0
1477949909.03, 5246209.0
1477949909.08, 5255101.0
1477949909.13, 5263993.0
1477949909.18, 5274367.0
1477949909.23, 5283259.0
1477949909.28, 5292151.0
1477949909.33, 5302525.0
1477949909.38, 5311417.0
1477949909.43, 5320309.0
1477949909.48, 5330683.0
1477949909.53, 5339575.0
1477949909.58, 5348467.0
1477949909.63, 5358841.0
1477949909.68, 5367733.0
1477949909.73, 5376625.0
1477949909.78, 5386999.0
1477949909.83, 5395891.0
1477949909.88, 5406265.0
1477949909.93, 5415157.0
1477949909.98, 5424049.0
1477949910.04, 5434423.0
1477949910.09, 5443315.0
1477949910.14, 5452207.0
1477949910.19, 5462581.0
1477949910.24, 5471473.0
1477949910.29, 5480365.0
1477949910.34, 5490739.0
1477949910.39, 5499631.0
1477949910.44, 5508523.0
1477949910.49, 5518897.0
1477949910.54, 5527789.0
1477949910.59, 5536681.0
1477949910.64, 5547055.0
1477949910.69, 5555947.0
1477949910.74, 5566321.0
1477949910.79, 5575213.0
1477949910.84, 5584105.0
1477949910.89, 5594479.0
