1477949879.24, 2624550.0
1477949879.38, 2650288.0
1477949879.53, 2680370.0
1477949879.65, 2705976.0
1477949879.8, 2736058.0
1477949879.95, 2764626.0
1477949880.06, 2787204.0
1477949880.18, 2809782.0
1477949880.3, 2830582.0
1477949880.43, 2854278.0
1477949880.55, 2875012.0
1477949880.67, 2892784.0
1477949880.77, 2907924.0
1477949880.86, 2913914.0
1477949880.93, 2918390.0
1477949880.98, 2918390.0
1477949881.03, 2919904.0
1477949881.08, 2922932.0
1477949881.13, 2922932.0
1477949881.18, 2928988.0
1477949881.23, 2928988.0
1477949881.28, 2940968.0
1477949881.33, 2940968.0
1477949881.38, 2943930.0
1477949881.43, 2946958.0
1477949881.48, 2949986.0
1477949881.53, 2949986.0
1477949881.58, 2953014.0
1477949881.63, 2953014.0
1477949881.69, 2959004.0
1477949881.74, 2959004.0
1477949881.79, 2964928.0
1477949881.84, 2967890.0
1477949881.89, 2967890.0
1477949881.94, 2973814.0
1477949881.99, 2973814.0
1477949882.04, 2975328.0
1477949882.09, 2975328.0
1477949882.14, 2975328.0
1477949882.19, 2979870.0
1477949882.24, 2979870.0
1477949882.29, 2979870.0
1477949882.34, 2979870.0
1477949882.39, 2979870.0
1477949882.44, 2979870.0
1477949882.49, 2979870.0
1477949882.54, 2979870.0
1477949882.59, 2979870.0
1477949882.64, 2979870.0
1477949882.69, 2979870.0
1477949882.74, 2979870.0
1477949882.8, 2979870.0
1477949882.85, 2979870.0
1477949882.9, 2979870.0
1477949882.95, 2979870.0
1477949883.0, 2979870.0
1477949883.05, 2979870.0
1477949883.1, 2979870.0
1477949883.15, 2979870.0
1477949883.2, 2981384.0
1477949883.25, 2981384.0
1477949883.3, 2985926.0
1477949883.35, 2985926.0
1477949883.4, 2990468.0
1477949883.45, 2990468.0
1477949883.5, 2991982.0
1477949883.55, 2991982.0
1477949883.6, 2991982.0
1477949883.65, 2993496.0
1477949883.7, 2993496.0
1477949883.75, 2995010.0
1477949883.8, 2995010.0
1477949883.85, 2995010.0
1477949883.9, 2995010.0
1477949883.95, 2995010.0
1477949884.0, 2995010.0
1477949884.05, 2995010.0
1477949884.1, 2995010.0
1477949884.15, 2995010.0
1477949884.2, 2995010.0
1477949884.25, 2995010.0
1477949884.3, 2995010.0
1477949884.35, 2995010.0
1477949884.4, 2995010.0
1477949884.46, 2995010.0
1477949884.51, 2995010.0
1477949884.56, 2995010.0
1477949884.61, 2995010.0
1477949884.66, 2995010.0
1477949884.71, 2995010.0
1477949884.76, 2995010.0
1477949884.81, 2996524.0
1477949884.86, 2996524.0
1477949884.91, 2996524.0
1477949884.96, 2999552.0
1477949885.01, 2999552.0
1477949885.06, 2999552.0
1477949885.11, 2999552.0
1477949885.16, 2999552.0
1477949885.21, 2999552.0
1477949885.26, 2999552.0
1477949885.31, 2999552.0
1477949885.36, 2999552.0
1477949885.41, 2999552.0
1477949885.46, 2999552.0
1477949885.51, 2999552.0
1477949885.56, 2999552.0
1477949885.61, 2999552.0
1477949885.66, 2999552.0
1477949885.71, 2999552.0
1477949885.76, 2999552.0
1477949885.81, 2999552.0
1477949885.86, 2999552.0
1477949885.91, 2999552.0
1477949885.96, 3001066.0
1477949886.01, 3001066.0
1477949886.06, 3001066.0
1477949886.11, 3001066.0
1477949886.16, 3001066.0
1477949886.22, 3001066.0
1477949886.27, 3001066.0
1477949886.32, 3001066.0
1477949886.37, 3001066.0
1477949886.42, 3001066.0
1477949886.47, 3001066.0
1477949886.52, 3001066.0
1477949886.57, 3001108.0
1477949886.62, 3001108.0
1477949886.67, 3001108.0
1477949886.72, 3001108.0
1477949886.77, 3001108.0
1477949886.82, 3001108.0
1477949886.87, 3001108.0
1477949886.92, 3001108.0
1477949886.97, 3001108.0
1477949887.02, 3001108.0
1477949887.07, 3001108.0
1477949887.12, 3001108.0
1477949887.17, 3001108.0
1477949887.22, 3001108.0
1477949887.27, 3001108.0
1477949887.33, 3001108.0
1477949887.38, 3001108.0
1477949887.43, 3001108.0
1477949887.48, 3001108.0
1477949887.53, 3001108.0
1477949887.58, 3001150.0
1477949887.63, 3001150.0
1477949887.68, 3001150.0
1477949887.73, 3001150.0
1477949887.78, 3001150.0
1477949887.83, 3001150.0
1477949887.88, 3001150.0
1477949887.93, 3001150.0
1477949887.98, 3001150.0
1477949888.03, 3002664.0
1477949888.08, 3002664.0
1477949888.13, 3005692.0
1477949888.18, 3005692.0
1477949888.23, 3005692.0
1477949888.28, 3005692.0
1477949888.33, 3005692.0
1477949888.38, 3005692.0
1477949888.43, 3005692.0
1477949888.48, 3005692.0
1477949888.53, 3005692.0
1477949888.58, 3005692.0
1477949888.63, 3005692.0
1477949888.68, 3005692.0
1477949888.73, 3005692.0
1477949888.78, 3005692.0
1477949888.83, 3005692.0
1477949888.88, 3005692.0
1477949888.93, 3005692.0
1477949888.98, 3005692.0
1477949889.03, 3005692.0
1477949889.08, 3005692.0
1477949889.13, 3005692.0
1477949889.18, 3007206.0
1477949889.23, 3007206.0
1477949889.28, 3007206.0
1477949889.33, 3010234.0
1477949889.38, 3010234.0
1477949889.44, 3010234.0
1477949889.49, 3010234.0
1477949889.54, 3010234.0
1477949889.59, 3010234.0
1477949889.64, 3010234.0
1477949889.69, 3010234.0
1477949889.74, 3010234.0
1477949889.79, 3010234.0
1477949889.84, 3010234.0
1477949889.89, 3010234.0
1477949889.94, 3010234.0
1477949889.99, 3010234.0
1477949890.04, 3010234.0
1477949890.09, 3010234.0
1477949890.14, 3010234.0
1477949890.19, 3010234.0
1477949890.24, 3010234.0
1477949890.29, 3010234.0
1477949890.34, 3011748.0
1477949890.39, 3011748.0
1477949890.44, 3011748.0
1477949890.49, 3014776.0
1477949890.54, 3014776.0
1477949890.59, 3014776.0
1477949890.64, 3014776.0
1477949890.69, 3014776.0
1477949890.74, 3014776.0
1477949890.79, 3014776.0
1477949890.84, 3014776.0
1477949890.89, 3014776.0
1477949890.94, 3014776.0
1477949890.99, 3014776.0
1477949891.04, 3014776.0
1477949891.09, 3014776.0
1477949891.14, 3014776.0
1477949891.19, 3014776.0
1477949891.24, 3014776.0
1477949891.29, 3014776.0
1477949891.34, 3014776.0
1477949891.4, 3014776.0
1477949891.45, 3014776.0
1477949891.5, 3016290.0
1477949891.55, 3016290.0
1477949891.6, 3016290.0
1477949891.65, 3019318.0
1477949891.7, 3019318.0
1477949891.75, 3019318.0
1477949891.8, 3019318.0
1477949891.85, 3019318.0
1477949891.9, 3019318.0
1477949891.95, 3019318.0
1477949892.0, 3019318.0
1477949892.05, 3019318.0
1477949892.1, 3019318.0
1477949892.15, 3019318.0
1477949892.2, 3019318.0
1477949892.25, 3019318.0
1477949892.3, 3019318.0
1477949892.35, 3019318.0
1477949892.4, 3019318.0
1477949892.45, 3019318.0
1477949892.5, 3019318.0
1477949892.55, 3019318.0
1477949892.6, 3019318.0
1477949892.65, 3019318.0
1477949892.72, 3020832.0
1477949892.77, 3020832.0
1477949892.82, 3023860.0
1477949892.87, 3023860.0
1477949892.92, 3023860.0
1477949892.97, 3023860.0
1477949893.02, 3023860.0
1477949893.07, 3023860.0
1477949893.12, 3023860.0
1477949893.17, 3023860.0
1477949893.22, 3023860.0
1477949893.27, 3023860.0
1477949893.33, 3023860.0
1477949893.38, 3023860.0
1477949893.43, 3023860.0
1477949893.48, 3023860.0
1477949893.53, 3023860.0
1477949893.58, 3023860.0
1477949893.63, 3023860.0
1477949893.68, 3023860.0
1477949893.73, 3023860.0
1477949893.78, 3023860.0
1477949893.83, 3023860.0
1477949893.88, 3025374.0
1477949893.93, 3025374.0
1477949893.98, 3028402.0
1477949894.03, 3028402.0
1477949894.08, 3028402.0
1477949894.13, 3028402.0
1477949894.18, 3028402.0
1477949894.23, 3028402.0
1477949894.28, 3028402.0
1477949894.33, 3028402.0
1477949894.38, 3028402.0
1477949894.43, 3028402.0
1477949894.48, 3028402.0
1477949894.53, 3028402.0
1477949894.58, 3028402.0
1477949894.63, 3028402.0
1477949894.68, 3028402.0
1477949894.73, 3028402.0
1477949894.78, 3028402.0
1477949894.83, 3029916.0
1477949894.88, 3029916.0
1477949894.93, 3029916.0
1477949894.98, 3032944.0
1477949895.03, 3032944.0
1477949895.08, 3032944.0
1477949895.13, 3032944.0
1477949895.18, 3032944.0
1477949895.24, 3032944.0
1477949895.29, 3032944.0
1477949895.34, 3032944.0
1477949895.39, 3032944.0
1477949895.44, 3032944.0
1477949895.49, 3032944.0
1477949895.54, 3032944.0
1477949895.59, 3032944.0
1477949895.64, 3032944.0
1477949895.69, 3032944.0
1477949895.74, 3032944.0
1477949895.79, 3032944.0
1477949895.84, 3034458.0
1477949895.89, 3034458.0
1477949895.94, 3034458.0
1477949895.99, 3037486.0
1477949896.04, 3037486.0
1477949896.09, 3037486.0
1477949896.14, 3037486.0
1477949896.19, 3037486.0
1477949896.25, 3037486.0
1477949896.3, 3037486.0
1477949896.35, 3037486.0
1477949896.4, 3037486.0
1477949896.45, 3037486.0
1477949896.5, 3037486.0
1477949896.55, 3037486.0
1477949896.6, 3037486.0
1477949896.65, 3037486.0
1477949896.7, 3037486.0
1477949896.75, 3037486.0
1477949896.8, 3037486.0
1477949896.85, 3039000.0
1477949896.9, 3039000.0
1477949896.95, 3042028.0
1477949897.0, 3042028.0
1477949897.05, 3042028.0
1477949897.1, 3042028.0
1477949897.15, 3042028.0
1477949897.2, 3042028.0
1477949897.25, 3042028.0
1477949897.3, 3042028.0
1477949897.35, 3042028.0
1477949897.4, 3042028.0
1477949897.45, 3042028.0
1477949897.5, 3042028.0
1477949897.55, 3042028.0
1477949897.6, 3042028.0
1477949897.65, 3042028.0
1477949897.7, 3043542.0
1477949897.75, 3043542.0
1477949897.8, 3043542.0
1477949897.85, 3043542.0
1477949897.91, 3043542.0
1477949897.96, 3043542.0
1477949898.01, 3043542.0
1477949898.06, 3043542.0
1477949898.11, 3043542.0
1477949898.16, 3043542.0
1477949898.21, 3043542.0
1477949898.26, 3043542.0
1477949898.31, 3043542.0
1477949898.36, 3043542.0
1477949898.41, 3043542.0
1477949898.46, 3043542.0
1477949898.51, 3043542.0
1477949898.56, 3043542.0
1477949898.61, 3043542.0
1477949898.66, 3043542.0
1477949898.71, 3043542.0
1477949898.76, 3043542.0
1477949898.81, 3043542.0
1477949898.86, 3043542.0
1477949898.91, 3043542.0
1477949898.96, 3043542.0
1477949899.01, 3043542.0
1477949899.06, 3043542.0
1477949899.11, 3043542.0
1477949899.16, 3045056.0
1477949899.21, 3045056.0
1477949899.26, 3045056.0
1477949899.31, 3048084.0
1477949899.36, 3048084.0
1477949899.41, 3048084.0
1477949899.46, 3048084.0
1477949899.51, 3048084.0
1477949899.56, 3048084.0
1477949899.61, 3048084.0
1477949899.66, 3048084.0
1477949899.71, 3048084.0
1477949899.76, 3048084.0
1477949899.81, 3048084.0
1477949899.86, 3048084.0
1477949899.91, 3048084.0
1477949899.97, 3048084.0
1477949900.02, 3049598.0
1477949900.07, 3049598.0
1477949900.12, 3049598.0
1477949900.17, 3049598.0
1477949900.22, 3049598.0
1477949900.27, 3049598.0
1477949900.32, 3049598.0
1477949900.37, 3049598.0
1477949900.42, 3049598.0
1477949900.47, 3049598.0
1477949900.52, 3049598.0
1477949900.57, 3049598.0
1477949900.62, 3049598.0
1477949900.67, 3049598.0
1477949900.72, 3049598.0
1477949900.77, 3049598.0
1477949900.82, 3049598.0
1477949900.87, 3049598.0
1477949900.92, 3049598.0
1477949900.97, 3049598.0
1477949901.02, 3049598.0
1477949901.07, 3049598.0
1477949901.12, 3049598.0
1477949901.17, 3049598.0
1477949901.22, 3049598.0
1477949901.27, 3049598.0
1477949901.32, 3049598.0
1477949901.37, 3049598.0
1477949901.42, 3049598.0
1477949901.47, 3051112.0
1477949901.52, 3051112.0
1477949901.57, 3051112.0
1477949901.62, 3054140.0
1477949901.67, 3054140.0
1477949901.72, 3054140.0
1477949901.77, 3054140.0
1477949901.83, 3054140.0
1477949901.88, 3054140.0
1477949901.93, 3054140.0
1477949901.99, 3054140.0
1477949902.04, 3054140.0
1477949902.09, 3054140.0
1477949902.14, 3054140.0
1477949902.19, 3054140.0
1477949902.24, 3054140.0
1477949902.29, 3054140.0
1477949902.34, 3055654.0
1477949902.39, 3055654.0
1477949902.44, 3055654.0
1477949902.49, 3055654.0
1477949902.54, 3055654.0
1477949902.59, 3055654.0
1477949902.64, 3055654.0
1477949902.69, 3055654.0
1477949902.74, 3055654.0
1477949902.79, 3055654.0
1477949902.84, 3055654.0
1477949902.9, 3055654.0
1477949902.95, 3055654.0
1477949903.0, 3055654.0
1477949903.05, 3055654.0
1477949903.1, 3055654.0
1477949903.15, 3055654.0
1477949903.2, 3055654.0
1477949903.25, 3055654.0
1477949903.3, 3055654.0
1477949903.35, 3055654.0
1477949903.4, 3055654.0
1477949903.45, 3055654.0
1477949903.5, 3055654.0
1477949903.55, 3055654.0
1477949903.6, 3055654.0
1477949903.65, 3055654.0
1477949903.7, 3055654.0
1477949903.75, 3055654.0
1477949903.8, 3057168.0
1477949903.85, 3057168.0
1477949903.9, 3057168.0
1477949903.95, 3060196.0
1477949904.0, 3060196.0
1477949904.05, 3060196.0
1477949904.1, 3060196.0
1477949904.16, 3060196.0
1477949904.21, 3060196.0
1477949904.26, 3060196.0
1477949904.31, 3060196.0
1477949904.36, 3060196.0
1477949904.41, 3060196.0
1477949904.46, 3060196.0
1477949904.51, 3060196.0
1477949904.56, 3061710.0
1477949904.61, 3061710.0
1477949904.66, 3061710.0
1477949904.71, 3064738.0
1477949904.76, 3064738.0
1477949904.81, 3064738.0
1477949904.86, 3066252.0
1477949904.91, 3066252.0
1477949904.96, 3066252.0
1477949905.01, 3066252.0
1477949905.06, 3066252.0
1477949905.11, 3066252.0
1477949905.16, 3066252.0
1477949905.21, 3066252.0
1477949905.26, 3066252.0
1477949905.31, 3066252.0
1477949905.36, 3066252.0
1477949905.41, 3066252.0
1477949905.46, 3067766.0
1477949905.51, 3067766.0
1477949905.56, 3067766.0
1477949905.61, 3067766.0
1477949905.66, 3067766.0
1477949905.71, 3067766.0
1477949905.76, 3067766.0
1477949905.81, 3067766.0
1477949905.86, 3067766.0
1477949905.91, 3067766.0
1477949905.96, 3067766.0
1477949906.01, 3067766.0
1477949906.06, 3067766.0
1477949906.11, 3067766.0
1477949906.16, 3067766.0
1477949906.21, 3067766.0
1477949906.27, 3067766.0
1477949906.32, 3067766.0
1477949906.37, 3067766.0
1477949906.42, 3067766.0
1477949906.47, 3067766.0
1477949906.52, 3067766.0
1477949906.57, 3067766.0
1477949906.62, 3067766.0
1477949906.67, 3067766.0
1477949906.72, 3069280.0
1477949906.77, 3069280.0
1477949906.82, 3069280.0
1477949906.87, 3072308.0
1477949906.92, 3072308.0
1477949906.97, 3072308.0
1477949907.02, 3072308.0
1477949907.07, 3072308.0
1477949907.12, 3072308.0
1477949907.17, 3072308.0
1477949907.22, 3072308.0
1477949907.27, 3072308.0
1477949907.32, 3072308.0
1477949907.37, 3072308.0
1477949907.42, 3072308.0
1477949907.47, 3072308.0
1477949907.52, 3073822.0
1477949907.57, 3073822.0
1477949907.62, 3076850.0
1477949907.67, 3076850.0
1477949907.72, 3076850.0
1477949907.77, 3076850.0
1477949907.82, 3076850.0
1477949907.87, 3076850.0
1477949907.92, 3076850.0
1477949907.97, 3076850.0
1477949908.02, 3076850.0
1477949908.07, 3076850.0
1477949908.12, 3076850.0
1477949908.18, 3076850.0
1477949908.23, 3076850.0
1477949908.28, 3078364.0
1477949908.33, 3078364.0
1477949908.38, 3078364.0
1477949908.43, 3081392.0
1477949908.48, 3081392.0
1477949908.53, 3081392.0
1477949908.58, 3081392.0
1477949908.63, 3081392.0
1477949908.68, 3081392.0
1477949908.73, 3081392.0
1477949908.78, 3081392.0
1477949908.83, 3081392.0
1477949908.88, 3081392.0
1477949908.93, 3081434.0
1477949908.98, 3082948.0
1477949909.03, 3082948.0
1477949909.08, 3082948.0
1477949909.13, 3085976.0
1477949909.18, 3085976.0
1477949909.23, 3085976.0
1477949909.28, 3085976.0
1477949909.33, 3085976.0
1477949909.38, 3085976.0
1477949909.43, 3085976.0
1477949909.48, 3085976.0
1477949909.53, 3085976.0
1477949909.58, 3085976.0
1477949909.63, 3085976.0
1477949909.68, 3087490.0
1477949909.73, 3087490.0
1477949909.78, 3087490.0
1477949909.83, 3087490.0
1477949909.88, 3087490.0
1477949909.93, 3087532.0
1477949909.98, 3087532.0
1477949910.04, 3087532.0
1477949910.09, 3087532.0
1477949910.14, 3087532.0
1477949910.19, 3087532.0
1477949910.24, 3087532.0
1477949910.29, 3087532.0
1477949910.34, 3087532.0
1477949910.39, 3087532.0
1477949910.44, 3087532.0
1477949910.49, 3087532.0
1477949910.54, 3087532.0
1477949910.59, 3087532.0
1477949910.64, 3087532.0
1477949910.69, 3087532.0
1477949910.74, 3087532.0
1477949910.79, 3089046.0
1477949910.84, 3089046.0
1477949910.89, 3089046.0
